X2Pi 1.5 0 1.5 e 	0.000000	0.000000	201
X2Pi 1.5 0 2.5 e 	83.723726	0.001000	47
X2Pi 1.5 0 3.5 e 	201.932139	0.001000	45
X2Pi 1.5 0 4.5 e 	355.120838	0.001000	45
X2Pi 1.5 0 5.5 e 	543.596062	0.001000	49
X2Pi 1.5 0 6.5 e 	767.482086	0.001000	46
X2Pi 1.5 0 7.5 e 	1026.755791	0.001000	41
X2Pi 1.5 0 8.5 e 	1321.276460	0.001000	36
X2Pi 1.5 0 9.5 e 	1650.810646	0.001000	36
X2Pi 1.5 0 10.5 e 	2015.048199	0.001000	34
X2Pi 1.5 0 11.5 e 	2413.614171	0.001000	36
X2Pi 1.5 0 12.5 e 	2846.076380	0.001000	34
X2Pi 1.5 0 13.5 e 	3311.951594	0.001000	34
X2Pi 1.5 0 14.5 e 	3810.710040	0.001000	32
X2Pi 1.5 0 15.5 e 	4341.778398	0.001000	32
X2Pi 1.5 0 16.5 e 	4904.543062	0.001000	30
X2Pi 1.5 0 17.5 e 	5498.351935	0.001000	25
X2Pi 1.5 0 18.5 e 	6122.517072	0.001000	25
X2Pi 1.5 0 19.5 e 	6776.316005	0.001000	20
X2Pi 1.5 0 20.5 e 	7458.994118	0.001252	19
X2Pi 1.5 0 21.5 e 	8169.765726	0.001499	18
X2Pi 1.5 0 22.5 e 	8907.815692	0.001478	18
X2Pi 1.5 0 23.5 e 	9672.302071	0.001719	18
X2Pi 1.5 0 24.5 e 	10462.355519	0.001616	20
X2Pi 1.5 0 25.5 e 	11277.082791	0.001612	20
X2Pi 1.5 0 26.5 e 	12115.567077	0.001282	19
X2Pi 1.5 0 27.5 e 	12976.869515	0.001638	19
X2Pi 1.5 0 28.5 e 	13860.030498	0.002676	13
X2Pi 1.5 0 29.5 e 	14764.071406	0.003189	14
X2Pi 1.5 0 30.5 e 	15687.994225	0.004672	14
X2Pi 1.5 0 31.5 e 	16630.785021	0.004189	12
X2Pi 1.5 0 32.5 e 	17591.413459	0.005638	10
X2Pi 1.5 0 33.5 e 	18568.832637	0.005189	7
X2Pi 1.5 0 34.5 e 	19561.983902	0.006638	6
X2Pi 1.5 0 35.5 e 	20569.791553	0.006189	7
X2Pi 1.5 0 36.5 e 	21591.185154	0.001000	5
X2Pi 1.5 0 37.5 e 	22625.036623	0.001000	5
X2Pi 1.5 0 38.5 e 	23670.246643	0.001000	6
X2Pi 1.5 0 39.5 e 	24725.690040	0.001000	4
X2Pi 1.5 0 40.5 e 	25790.230117	0.001000	4
X2Pi 1.5 0 41.5 e 	26862.714266	0.001000	6
X2Pi 1.5 0 42.5 e 	27941.976210	0.001594	4
X2Pi 1.5 0 43.5 e 	29026.839233	0.001187	3
X2Pi 1.5 0 44.5 e 	30116.097918	0.001157	3
X2Pi 1.5 0 45.5 e 	31208.535091	0.001000	3
X2Pi 1.5 0 46.5 e 	32302.905499	0.001000	4
X2Pi 1.5 0 47.5 e 	33397.934541	0.001000	4
X2Pi 1.5 0 48.5 e 	34492.315835	0.001000	3
X2Pi 1.5 0 49.5 e 	35584.699576	0.001000	2
X2Pi 1.5 0 1.5 f 	0.055390	0.001000	38
X2Pi 1.5 0 2.5 f 	83.924867	0.001000	45
X2Pi 1.5 0 3.5 f 	202.379972	0.001000	47
X2Pi 1.5 0 4.5 f 	355.915408	0.001000	45
X2Pi 1.5 0 5.5 f 	544.829831	0.001000	43
X2Pi 1.5 0 6.5 f 	769.241084	0.001000	44
X2Pi 1.5 0 7.5 f 	1029.119042	0.001000	41
X2Pi 1.5 0 8.5 f 	1324.318151	0.001000	37
X2Pi 1.5 0 9.5 f 	1654.599965	0.001000	36
X2Pi 1.5 0 10.5 f 	2019.649927	0.001000	33
X2Pi 1.5 0 11.5 f 	2419.088652	0.001000	33
X2Pi 1.5 0 12.5 f 	2852.479257	0.001000	32
X2Pi 1.5 0 13.5 f 	3319.334570	0.001000	32
X2Pi 1.5 0 14.5 f 	3819.119928	0.001000	32
X2Pi 1.5 0 15.5 f 	4351.257837	0.001000	32
X2Pi 1.5 0 16.5 f 	4915.129774	0.001000	28
X2Pi 1.5 0 17.5 f 	5510.079158	0.001000	24
X2Pi 1.5 0 18.5 f 	6135.413030	0.001000	25
X2Pi 1.5 0 19.5 f 	6790.404082	0.001000	18
X2Pi 1.5 0 20.5 f 	7474.292573	0.001000	20
X2Pi 1.5 0 21.5 f 	8186.287766	0.001000	19
X2Pi 1.5 0 22.5 f 	8925.569710	0.001000	17
X2Pi 1.5 0 23.5 f 	9691.290694	0.001000	17
X2Pi 1.5 0 24.5 f 	10482.576723	0.001000	18
X2Pi 1.5 0 25.5 f 	11298.529210	0.001434	18
X2Pi 1.5 0 26.5 f 	12138.226293	0.002000	18
X2Pi 1.5 0 27.5 f 	13000.723882	0.002282	17
X2Pi 1.5 0 28.5 f 	13885.057467	0.002638	13
X2Pi 1.5 0 29.5 f 	14790.243115	0.004091	13
X2Pi 1.5 0 30.5 f 	15715.277923	0.003746	14
X2Pi 1.5 0 31.5 f 	16659.143443	0.005091	11
X2Pi 1.5 0 32.5 f 	17620.803152	0.004699	10
X2Pi 1.5 0 33.5 f 	18599.207787	0.005638	7
X2Pi 1.5 0 34.5 f 	19593.290461	0.005699	7
X2Pi 1.5 0 35.5 f 	20601.974892	0.006638	7
X2Pi 1.5 0 36.5 f 	21624.190178	0.001000	3
X2Pi 1.5 0 37.5 f 	22658.792014	0.001000	3
X2Pi 1.5 0 38.5 f 	23704.682868	0.001000	4
X2Pi 1.5 0 39.5 f 	24760.732379	0.001000	4
X2Pi 1.5 0 40.5 f 	25825.799017	0.001000	4
X2Pi 1.5 0 41.5 f 	26898.728098	0.001000	4
X2Pi 1.5 0 42.5 f 	27978.347711	0.001000	4
X2Pi 1.5 0 43.5 f 	29063.472413	0.001000	3
X2Pi 1.5 0 44.5 f 	30152.898417	0.001000	4
X2Pi 1.5 0 45.5 f 	31245.400043	0.001000	3
X2Pi 1.5 0 46.5 f 	32339.729301	0.001000	5
X2Pi 1.5 0 47.5 f 	33434.604493	0.001274	4
X2Pi 1.5 0 48.5 f 	34528.717376	0.001000	3
X2Pi 1.5 0 49.5 f 	35620.710269	0.001000	2
X2Pi 0.5 0 0.5 e 	126.292183	0.001000	27
X2Pi 0.5 0 1.5 e 	187.493165	0.001000	41
X2Pi 0.5 0 2.5 e 	288.772274	0.001000	46
X2Pi 0.5 0 3.5 e 	429.279482	0.001000	44
X2Pi 0.5 0 4.5 e 	608.199058	0.001000	42
X2Pi 0.5 0 5.5 e 	824.816820	0.001000	40
X2Pi 0.5 0 6.5 e 	1078.510098	0.001000	38
X2Pi 0.5 0 7.5 e 	1368.716130	0.001000	36
X2Pi 0.5 0 8.5 e 	1694.902402	0.001000	34
X2Pi 0.5 0 9.5 e 	2056.545281	0.001000	35
X2Pi 0.5 0 10.5 e 	2453.113144	0.001000	35
X2Pi 0.5 0 11.5 e 	2884.057766	0.001000	34
X2Pi 0.5 0 12.5 e 	3348.808230	0.001000	34
X2Pi 0.5 0 13.5 e 	3846.766683	0.001000	34
X2Pi 0.5 0 14.5 e 	4377.306498	0.001000	32
X2Pi 0.5 0 15.5 e 	4939.771051	0.001000	33
X2Pi 0.5 0 16.5 e 	5533.473321	0.001000	29
X2Pi 0.5 0 17.5 e 	6157.696195	0.001109	24
X2Pi 0.5 0 18.5 e 	6811.692825	0.001367	27
X2Pi 0.5 0 19.5 e 	7494.687481	0.001429	18
X2Pi 0.5 0 20.5 e 	8205.876137	0.001602	21
X2Pi 0.5 0 21.5 e 	8944.427988	0.001743	18
X2Pi 0.5 0 22.5 e 	9709.485984	0.002000	19
X2Pi 0.5 0 23.5 e 	10500.168788	0.002000	18
X2Pi 0.5 0 24.5 e 	11315.570987	0.002000	18
X2Pi 0.5 0 25.5 e 	12154.765110	0.002000	18
X2Pi 0.5 0 26.5 e 	13016.802678	0.002282	16
X2Pi 0.5 0 27.5 e 	13900.714459	0.002612	17
X2Pi 0.5 0 28.5 e 	14805.513586	0.003282	15
X2Pi 0.5 0 29.5 e 	15730.193775	0.003612	12
X2Pi 0.5 0 30.5 e 	16673.734125	0.004953	9
X2Pi 0.5 0 31.5 e 	17635.095724	0.004189	7
X2Pi 0.5 0 32.5 e 	18613.226968	0.005638	8
X2Pi 0.5 0 33.5 e 	19607.059926	0.005189	7
X2Pi 0.5 0 34.5 e 	20615.516201	0.006638	7
X2Pi 0.5 0 35.5 e 	21637.500752	0.006189	6
X2Pi 0.5 0 36.5 e 	22671.938566	0.001000	3
X2Pi 0.5 0 37.5 e 	23717.659538	0.001000	4
X2Pi 0.5 0 38.5 e 	24773.557043	0.001000	4
X2Pi 0.5 0 39.5 e 	25838.488007	0.001000	4
X2Pi 0.5 0 40.5 e 	26911.297403	0.001000	5
X2Pi 0.5 0 41.5 e 	27990.813407	0.001000	5
X2Pi 0.5 0 42.5 e 	29075.849757	0.001000	3
X2Pi 0.5 0 43.5 e 	30165.201700	0.001000	3
X2Pi 0.5 0 44.5 e 	31257.645030	0.001000	3
X2Pi 0.5 0 45.5 e 	32351.929195	0.001000	5
X2Pi 0.5 0 46.5 e 	33446.775749	0.001000	4
X2Pi 0.5 0 47.5 e 	34540.871830	0.001000	4
X2Pi 0.5 0 48.5 e 	35632.863064	0.001000	2
X2Pi 0.5 0 49.5 e 	36721.344740	0.001000	1
X2Pi 0.5 0 0.5 f 	126.449909	0.001000	26
X2Pi 0.5 0 1.5 f 	187.752916	0.001000	42
X2Pi 0.5 0 2.5 f 	289.044358	0.001000	46
X2Pi 0.5 0 3.5 f 	429.462616	0.001000	46
X2Pi 0.5 0 4.5 f 	608.194054	0.001000	46
X2Pi 0.5 0 5.5 f 	824.531210	0.001000	44
X2Pi 0.5 0 6.5 f 	1077.858120	0.001000	39
X2Pi 0.5 0 7.5 f 	1367.618721	0.001000	36
X2Pi 0.5 0 8.5 f 	1693.285976	0.001000	34
X2Pi 0.5 0 9.5 f 	2054.340526	0.001000	33
X2Pi 0.5 0 10.5 f 	2450.255567	0.001000	35
X2Pi 0.5 0 11.5 f 	2880.487421	0.001000	36
X2Pi 0.5 0 12.5 f 	3344.469311	0.001000	34
X2Pi 0.5 0 13.5 f 	3841.607833	0.001000	34
X2Pi 0.5 0 14.5 f 	4371.280648	0.001000	32
X2Pi 0.5 0 15.5 f 	4932.835736	0.001000	31
X2Pi 0.5 0 16.5 f 	5525.590480	0.001000	30
X2Pi 0.5 0 17.5 f 	6148.832562	0.001000	27
X2Pi 0.5 0 18.5 f 	6801.819779	0.001000	25
X2Pi 0.5 0 19.5 f 	7483.781182	0.001000	21
X2Pi 0.5 0 20.5 f 	8193.917769	0.001160	20
X2Pi 0.5 0 21.5 f 	8931.403478	0.001785	20
X2Pi 0.5 0 22.5 f 	9695.386464	0.002000	18
X2Pi 0.5 0 23.5 f 	10484.989974	0.002000	22
X2Pi 0.5 0 24.5 f 	11299.313946	0.002000	21
X2Pi 0.5 0 25.5 f 	12137.435577	0.002000	20
X2Pi 0.5 0 26.5 f 	12998.411503	0.002000	20
X2Pi 0.5 0 27.5 f 	13881.277489	0.002282	17
X2Pi 0.5 0 28.5 f 	14785.050953	0.003612	13
X2Pi 0.5 0 29.5 f 	15708.731621	0.004348	15
X2Pi 0.5 0 30.5 f 	16651.301930	0.003638	12
X2Pi 0.5 0 31.5 f 	17611.728912	0.004638	11
X2Pi 0.5 0 32.5 f 	18588.964054	0.004699	7
X2Pi 0.5 0 33.5 f 	19581.946277	0.005638	6
X2Pi 0.5 0 34.5 f 	20589.598573	0.005699	6
X2Pi 0.5 0 35.5 f 	21610.833991	0.006638	7
X2Pi 0.5 0 36.5 f 	22644.572412	0.001000	5
X2Pi 0.5 0 37.5 f 	23689.657627	0.001000	5
X2Pi 0.5 0 38.5 f 	24744.983512	0.001000	4
X2Pi 0.5 0 39.5 f 	25809.413701	0.001000	4
X2Pi 0.5 0 40.5 f 	26881.794392	0.001000	6
X2Pi 0.5 0 41.5 f 	27960.959402	0.001000	4
X2Pi 0.5 0 42.5 f 	29045.726856	0.001000	3
X2Pi 0.5 0 43.5 f 	30134.896176	0.001000	3
X2Pi 0.5 0 44.5 f 	31227.246192	0.001000	4
X2Pi 0.5 0 45.5 f 	32321.533580	0.001000	4
X2Pi 0.5 0 46.5 f 	33416.484601	0.001000	4
X2Pi 0.5 0 47.5 f 	34510.789926	0.001000	6
X2Pi 0.5 0 48.5 f 	35603.101511	0.001000	2
X2Pi 0.5 0 49.5 f 	36692.020320	0.001000	1
X2Pi 1.5 1 2.5 e 	3649.204615	0.002000	44
X2Pi 1.5 1 3.5 e 	3763.108957	0.001572	48
X2Pi 1.5 1 4.5 e 	3910.633931	0.002583	47
X2Pi 1.5 1 5.5 e 	4092.058868	0.002273	47
X2Pi 1.5 1 6.5 e 	4307.498176	0.002500	46
X2Pi 1.5 1 7.5 e 	4556.925901	0.002000	44
X2Pi 1.5 1 8.5 e 	4840.204856	0.002500	39
X2Pi 1.5 1 9.5 e 	5157.106996	0.002538	37
X2Pi 1.5 1 10.5 e 	5507.329368	0.002000	36
X2Pi 1.5 1 11.5 e 	5890.505822	0.002000	35
X2Pi 1.5 1 12.5 e 	6306.213727	0.002000	37
X2Pi 1.5 1 13.5 e 	6753.979767	0.002000	37
X2Pi 1.5 1 14.5 e 	7233.285315	0.002000	34
X2Pi 1.5 1 15.5 e 	7743.568290	0.002000	33
X2Pi 1.5 1 16.5 e 	8284.226996	0.002766	29
X2Pi 1.5 1 18.5 e 	9454.076416	0.002000	24
X2Pi 1.5 1 19.5 e 	10081.882424	0.002000	19
X2Pi 1.5 1 20.5 e 	10737.297329	0.002000	16
X2Pi 0.5 1 2.5 e 	3851.211226	0.003035	45
X2Pi 0.5 1 3.5 e 	3986.086138	0.003460	45
X2Pi 0.5 1 4.5 e 	4157.905272	0.002960	45
X2Pi 0.5 1 5.5 e 	4365.987902	0.002780	42
X2Pi 0.5 1 6.5 e 	4609.732200	0.002682	39
X2Pi 0.5 1 7.5 e 	4888.589399	0.002201	38
X2Pi 0.5 1 8.5 e 	5202.037223	0.002483	38
X2Pi 0.5 1 9.5 e 	5549.561060	0.002000	36
X2Pi 0.5 1 10.5 e 	5930.638625	0.002000	37
X2Pi 0.5 1 11.5 e 	6344.731201	0.002000	36
X2Pi 0.5 1 12.5 e 	6791.277411	0.002000	34
X2Pi 0.5 1 13.5 e 	7269.689878	0.002000	34
X2Pi 0.5 1 14.5 e 	7779.352827	0.002000	32
X2Pi 0.5 1 15.5 e 	8319.620953	0.002000	32
X2Pi 0.5 1 16.5 e 	8889.819294	0.002000	27
X2Pi 0.5 1 17.5 e 	9489.242767	0.002000	25
X2Pi 0.5 1 18.5 e 	10117.157045	0.002000	22
X2Pi 0.5 1 19.5 e 	10772.799156	0.002000	16
X2Pi 0.5 1 20.5 e 	11455.377861	0.002000	14
X2Pi 1.5 1 2.5 f 	3649.390998	0.002517	43
X2Pi 1.5 1 3.5 f 	3763.526643	0.001500	50
X2Pi 1.5 1 4.5 f 	3911.377439	0.002565	48
X2Pi 1.5 1 5.5 f 	4093.217509	0.002293	47
X2Pi 1.5 1 6.5 f 	4309.154143	0.002793	45
X2Pi 1.5 1 7.5 f 	4559.155393	0.002710	43
X2Pi 1.5 1 8.5 f 	4843.079138	0.002210	40
X2Pi 1.5 1 9.5 f 	5160.692209	0.002293	39
X2Pi 1.5 1 10.5 f 	5511.686920	0.002179	36
X2Pi 1.5 1 11.5 f 	5895.692919	0.002000	36
X2Pi 1.5 1 12.5 f 	6312.282980	0.002000	35
X2Pi 1.5 1 13.5 f 	6760.980063	0.002000	35
X2Pi 1.5 1 14.5 f 	7241.260521	0.002000	33
X2Pi 1.5 1 15.5 f 	7752.558293	0.002000	32
X2Pi 1.5 1 16.5 f 	8294.266755	0.002000	29
X2Pi 1.5 1 17.5 f 	8865.741585	0.002000	25
X2Pi 1.5 1 18.5 f 	9466.302416	0.002000	23
X2Pi 1.5 1 19.5 f 	10095.234895	0.002000	18
X2Pi 1.5 1 20.5 f 	10751.792244	0.002000	17
X2Pi 1.5 1 21.5 f 	11435.196713	0.002000	14
X2Pi 0.5 1 2.5 f 	3851.476420	0.002000	44
X2Pi 0.5 1 3.5 f 	3986.271067	0.002000	46
X2Pi 0.5 1 4.5 f 	4157.915226	0.002000	44
X2Pi 0.5 1 5.5 f 	4365.734296	0.002248	44
X2Pi 0.5 1 6.5 f 	4609.132822	0.002248	40
X2Pi 0.5 1 7.5 f 	4887.567679	0.002000	39
X2Pi 0.5 1 8.5 f 	5200.522881	0.002000	39
X2Pi 0.5 1 9.5 f 	5547.488032	0.002000	38
X2Pi 0.5 1 10.5 f 	5927.945432	0.002000	39
X2Pi 0.5 1 11.5 f 	6341.360806	0.002000	37
X2Pi 0.5 1 12.5 f 	6787.177077	0.002000	38
X2Pi 0.5 1 13.5 f 	7264.811132	0.002000	35
X2Pi 0.5 1 14.5 f 	7773.651465	0.002000	36
X2Pi 0.5 1 15.5 f 	8313.057363	0.002000	32
X2Pi 0.5 1 16.5 f 	8882.358208	0.002000	29
X2Pi 0.5 1 17.5 f 	9480.853658	0.002000	25
X2Pi 0.5 1 18.5 f 	10107.813910	0.002000	26
X2Pi 0.5 1 19.5 f 	10762.480841	0.002000	18
X2Pi 1.5 2 4.5 e 	7300.698219	0.001494	51
X2Pi 1.5 2 5.5 e 	7475.163957	0.001972	50
X2Pi 1.5 2 6.5 e 	7682.266161	0.002000	48
X2Pi 1.5 2 7.5 e 	7921.976128	0.002000	44
X2Pi 1.5 2 12.5 e 	9602.102873	0.002000	34
X2Pi 1.5 2 13.5 e 	10031.972200	0.002000	34
X2Pi 1.5 2 14.5 e 	10492.046625	0.002000	30
X2Pi 1.5 2 15.5 e 	10981.773914	0.002000	28
X2Pi 1.5 2 17.5 e 	12047.782143	0.002000	18
X2Pi 1.5 2 18.5 e 	12622.768315	0.002000	19
X2Pi 0.5 2 5.5 e 	7741.969734	0.001682	42
X2Pi 0.5 2 6.5 e 	7975.894170	0.001789	43
X2Pi 0.5 2 7.5 e 	8243.546401	0.002000	39
X2Pi 0.5 2 8.5 e 	8544.414895	0.002000	40
X2Pi 0.5 2 9.5 e 	8877.993195	0.002000	39
X2Pi 0.5 2 10.5 e 	9243.767179	0.002000	36
X2Pi 0.5 2 11.5 e 	9641.206579	0.002000	36
X2Pi 0.5 2 12.5 e 	10069.758439	0.002000	33
X2Pi 0.5 2 13.5 e 	10528.844311	0.002000	31
X2Pi 0.5 2 14.5 e 	11017.857846	0.002000	30
X2Pi 0.5 2 15.5 e 	11536.163136	0.002000	25
X2Pi 0.5 2 16.5 e 	12083.095108	0.002000	26
X2Pi 0.5 2 17.5 e 	12657.958644	0.002000	17
X2Pi 1.5 2 4.5 f 	7301.391804	0.001937	50
X2Pi 1.5 2 5.5 f 	7476.248030	0.002043	49
X2Pi 1.5 2 9.5 f 	8501.969018	0.002000	37
X2Pi 1.5 2 10.5 f 	8839.083570	0.002000	39
X2Pi 1.5 2 11.5 f 	9207.845360	0.002000	37
X2Pi 1.5 2 12.5 f 	9607.835601	0.002000	35
X2Pi 1.5 2 13.5 f 	10038.586206	0.002000	35
X2Pi 1.5 2 14.5 f 	10499.582791	0.002000	31
X2Pi 1.5 2 15.5 f 	10990.269145	0.002000	29
X2Pi 1.5 2 16.5 f 	11510.048744	0.002000	27
X2Pi 1.5 2 17.5 f 	12058.287451	0.002000	19
X2Pi 1.5 2 18.5 f 	12634.315282	0.002409	18
X2Pi 0.5 2 8.5 f 	8542.999510	0.003532	37
X2Pi 0.5 2 9.5 f 	8876.048597	0.003360	37
X2Pi 0.5 2 10.5 f 	9241.235122	0.003481	36
X2Pi 0.5 2 11.5 f 	9638.032474	0.003248	37
X2Pi 0.5 2 12.5 f 	10065.893320	0.003020	35
X2Pi 0.5 2 13.5 f 	10524.242693	0.002957	34
X2Pi 0.5 2 14.5 f 	11012.478935	0.003616	29
X2Pi 0.5 2 15.5 f 	11529.969659	0.003062	27
X2Pi 0.5 2 16.5 f 	12076.054332	0.002665	23
X2Pi 0.5 2 17.5 f 	12650.043349	0.003035	17
X2Pi 0.5 2 18.5 f 	13251.215563	0.002845	19
X2Pi 1.5 1 17.5 e 	8854.622165	0.002101	23
X2Pi 1.5 2 11.5 e 	9202.948042	0.002000	32
X2Pi 1.5 2 10.5 e 	8834.972024	0.002000	35
X2Pi 1.5 2 9.5 e 	8498.588929	0.002000	35
X2Pi 1.5 2 8.5 f 	8196.864885	0.002000	41
X2Pi 1.5 2 8.5 e 	8194.158280	0.002000	41
X2Pi 0.5 2 7.5 f 	8242.598106	0.001783	41
X2Pi 1.5 2 7.5 f 	7924.072445	0.002000	43
X2Pi 0.5 2 6.5 f 	7975.344133	0.001100	42
X2Pi 1.5 2 6.5 f 	7683.819872	0.002042	47
X2Pi 0.5 2 5.5 f 	7741.745756	0.001324	41
X2Pi 0.5 2 4.5 e 	7542.308473	0.002058	44
X2Pi 0.5 2 4.5 f 	7542.330815	0.001416	47
X2Pi 0.5 2 3.5 e 	7377.491550	0.002100	44
X2Pi 0.5 2 3.5 f 	7377.676084	0.001161	45
X2Pi 1.5 2 3.5 f 	7159.155086	0.001780	46
X2Pi 1.5 2 3.5 e 	7158.767228	0.001716	51
X2Pi 0.5 2 2.5 e 	7248.166336	0.001500	43
X2Pi 0.5 2 2.5 f 	7248.422843	0.002519	42
X2Pi 1.5 2 2.5 f 	7049.289111	0.001594	48
X2Pi 1.5 2 2.5 e 	7049.116785	0.001100	43
X2Pi 0.5 2 1.5 e 	7155.041847	0.001696	41
X2Pi 0.5 2 1.5 f 	7155.280531	0.001853	40
X2Pi 1.5 2 1.5 f 	6971.393862	0.001960	34
X2Pi 1.5 2 1.5 e 	6971.345717	0.001585	36
X2Pi 0.5 1 1.5 f 	3754.292058	0.002000	39
X2Pi 0.5 2 0.5 f 	7098.969011	0.002000	28
X2Pi 0.5 1 1.5 e 	3754.041528	0.002076	39
X2Pi 0.5 2 0.5 e 	7098.826442	0.001500	26
X2Pi 1.5 1 1.5 e 	3568.471350	0.001723	37
X2Pi 1.5 1 1.5 f 	3568.522623	0.002584	33
X2Pi 0.5 1 0.5 f 	3695.507233	0.002853	27
X2Pi 0.5 1 0.5 e 	3695.355564	0.002000	24
X2Pi 1.5 2 19.5 f 	13237.428292	0.002000	11
X2Pi 1.5 4 18.5 f 	18484.173104	0.002000	15
X2Pi 1.5 2 19.5 e 	13224.821379	0.004000	12
X2Pi 1.5 4 18.5 e 	18474.036676	0.002000	16
X2Pi 0.5 2 18.5 e 	13260.029461	0.002000	15
X2Pi 0.5 4 17.5 e 	18509.388460	0.002000	14
X2Pi 0.5 4 17.5 f 	18502.457087	0.002000	14
X2Pi 1.5 4 17.5 f 	17957.013975	0.002000	15
X2Pi 1.5 4 17.5 e 	17947.781853	0.002000	17
X2Pi 0.5 4 16.5 e 	17983.450537	0.002000	20
X2Pi 1.5 3 13.5 f 	13153.556287	0.002000	28
X2Pi 1.5 5 12.5 f 	18518.962381	0.002000	25
X2Pi 1.5 3 13.5 e 	13147.332788	0.002000	28
X2Pi 1.5 5 12.5 e 	18514.275068	0.002000	25
X2Pi 0.5 3 12.5 e 	13185.663232	0.002000	25
X2Pi 0.5 5 11.5 e 	18555.495655	0.002000	23
X2Pi 1.5 3 20.5 f 	16820.194684	0.002000	7
X2Pi 0.5 3 19.5 e 	16842.567351	0.002000	8
X2Pi 1.5 1 21.5 e 	11419.548905	0.002000	15
X2Pi 1.5 3 20.5 e 	16807.349047	0.002000	7
X2Pi 0.5 1 20.5 f 	11444.068180	0.002000	15
X2Pi 0.5 3 19.5 f 	16833.438108	0.002000	7
X2Pi 1.5 4 16.5 f 	17455.011496	0.002000	23
X2Pi 1.5 4 16.5 e 	17446.667673	0.002000	22
X2Pi 0.5 4 15.5 e 	17482.818682	0.002000	21
X2Pi 0.5 4 15.5 f 	17477.390902	0.002000	21
X2Pi 1.5 2 23.5 f 	15905.542574	0.003103	7
X2Pi 0.5 2 22.5 e 	15924.904784	0.015140	8
X2Pi 1.5 2 23.5 e 	15888.615152	0.003200	10
X2Pi 0.5 2 22.5 f 	15912.356641	0.003000	8
X2Pi 1.5 3 12.5 f 	12740.618724	0.002000	28
X2Pi 1.5 5 11.5 f 	18168.369491	0.002000	25
X2Pi 1.5 3 12.5 e 	12735.225606	0.002000	28
X2Pi 1.5 5 11.5 e 	18164.369594	0.002000	25
X2Pi 0.5 3 11.5 e 	12774.973364	0.002000	29
X2Pi 0.5 5 10.5 e 	18207.621415	0.002000	25
X2Pi 1.5 3 19.5 f 	16217.738108	0.002000	7
X2Pi 0.5 3 18.5 e 	16241.070199	0.002000	16
X2Pi 1.5 3 19.5 e 	16205.892396	0.002000	5
X2Pi 1.5 4 15.5 f 	16978.824629	0.002000	23
X2Pi 0.5 3 18.5 f 	16232.797388	0.002000	15
X2Pi 1.5 2 16.5 e 	11500.562274	0.002000	27
X2Pi 1.5 4 15.5 e 	16971.348276	0.002000	22
X2Pi 0.5 4 14.5 e 	17008.177705	0.002000	24
X2Pi 0.5 4 14.5 f 	17003.464784	0.002000	23
X2Pi 1.5 3 11.5 f 	12357.098321	0.002000	28
X2Pi 1.5 5 10.5 f 	17844.931499	0.002000	24
X2Pi 1.5 3 11.5 e 	12352.493081	0.002000	29
X2Pi 1.5 5 10.5 e 	17841.579456	0.002000	28
X2Pi 0.5 3 10.5 e 	12394.058601	0.002000	27
X2Pi 0.5 5 9.5 e 	17887.355887	0.002000	29
X2Pi 1.5 2 22.5 f 	15201.758550	0.002200	7
X2Pi 0.5 2 21.5 e 	15221.814617	0.003000	8
X2Pi 1.5 2 22.5 e 	15185.913561	0.002919	8
X2Pi 0.5 2 21.5 f 	15210.211110	0.003000	8
X2Pi 1.5 4 14.5 f 	16529.075916	0.002000	23
X2Pi 1.5 4 14.5 e 	16522.441536	0.002000	22
X2Pi 0.5 4 13.5 e 	16560.181996	0.002000	22
X2Pi 0.5 4 13.5 f 	16556.153507	0.002870	23
X2Pi 1.5 3 18.5 f 	15640.338483	0.002000	16
X2Pi 1.5 3 10.5 f 	12003.456165	0.002000	29
X2Pi 1.5 5 9.5 f 	17549.053846	0.002000	28
X2Pi 1.5 3 10.5 e 	11999.592303	0.002000	28
X2Pi 1.5 5 9.5 e 	17546.305500	0.002172	28
X2Pi 0.5 3 17.5 e 	15664.737990	0.002000	16
X2Pi 1.5 3 18.5 e 	15629.482938	0.002000	16
X2Pi 0.5 3 17.5 f 	15657.306237	0.002000	17
X2Pi 0.5 3 9.5 e 	12043.464610	0.002000	28
X2Pi 0.5 5 8.5 e 	17595.215104	0.002000	28
X2Pi 0.5 3 9.5 f 	12041.652601	0.002000	28
X2Pi 0.5 5 8.5 f 	17594.099683	0.002000	26
X2Pi 1.5 2 21.5 f 	14521.932400	0.003000	8
X2Pi 0.5 2 20.5 e 	14542.752353	0.002000	9
X2Pi 1.5 2 21.5 e 	14507.171584	0.002857	9
X2Pi 0.5 2 20.5 f 	14532.089709	0.002000	9
X2Pi 1.5 3 9.5 f 	11680.104261	0.002000	29
X2Pi 1.5 5 8.5 f 	17281.087660	0.002649	30
X2Pi 1.5 3 9.5 e 	11676.930853	0.002000	28
X2Pi 1.5 5 8.5 e 	17278.895417	0.002272	32
X2Pi 1.5 4 13.5 f 	16106.349552	0.002000	26
X2Pi 0.5 3 8.5 e 	11723.715112	0.002000	30
X2Pi 0.5 5 7.5 e 	17331.697109	0.002000	30
X2Pi 1.5 4 13.5 e 	16100.526936	0.002000	24
X2Pi 0.5 3 8.5 f 	11722.401955	0.002000	28
X2Pi 0.5 5 7.5 f 	17330.965308	0.002000	31
X2Pi 0.5 4 12.5 e 	16139.456013	0.002000	24
X2Pi 0.5 4 12.5 f 	16136.076954	0.002000	24
X2Pi 1.5 3 17.5 f 	15088.725684	0.002000	20
X2Pi 1.5 3 17.5 e 	15078.845342	0.002000	19
X2Pi 0.5 3 16.5 e 	15114.317802	0.002000	23
X2Pi 0.5 3 16.5 f 	15107.706670	0.002000	22
X2Pi 1.5 3 8.5 f 	11387.399944	0.002000	33
X2Pi 1.5 5 7.5 f 	17041.325895	0.002200	36
X2Pi 1.5 3 8.5 e 	11384.861777	0.002000	35
X2Pi 1.5 5 7.5 e 	17039.636894	0.002000	34
X2Pi 0.5 3 7.5 e 	11435.317124	0.002000	32
X2Pi 0.5 5 6.5 e 	17097.288640	0.002123	34
X2Pi 0.5 3 7.5 f 	11434.443109	0.002000	32
X2Pi 0.5 5 6.5 f 	17096.883243	0.002000	33
X2Pi 1.5 4 12.5 f 	15711.189467	0.002000	27
X2Pi 1.5 4 12.5 e 	15706.144325	0.002000	27
X2Pi 0.5 4 11.5 e 	15746.594418	0.002000	24
X2Pi 0.5 4 11.5 f 	15743.825947	0.002000	28
X2Pi 1.5 2 20.5 f 	13866.889709	0.002000	9
X2Pi 0.5 2 19.5 e 	13888.554601	0.002000	10
X2Pi 1.5 2 20.5 e 	13853.210313	0.003000	11
X2Pi 0.5 2 19.5 f 	13878.823666	0.002740	10
X2Pi 1.5 3 16.5 f 	14563.596670	0.002000	21
X2Pi 1.5 3 16.5 e 	14554.671850	0.002000	23
X2Pi 0.5 3 15.5 e 	14590.526864	0.005000	23
X2Pi 0.5 3 15.5 f 	14584.711745	0.002000	23
X2Pi 1.5 3 7.5 f 	11125.639329	0.002000	36
X2Pi 1.5 5 6.5 f 	16829.992269	0.002188	35
X2Pi 1.5 3 7.5 e 	11123.676731	0.002000	38
X2Pi 1.5 5 6.5 e 	16828.748549	0.002000	37
X2Pi 0.5 3 6.5 e 	11178.769185	0.002000	33
X2Pi 0.5 5 5.5 e 	16892.476003	0.002077	34
X2Pi 0.5 3 6.5 f 	11178.270045	0.002000	34
X2Pi 0.5 5 5.5 f 	16892.334392	0.002169	32
X2Pi 1.5 4 11.5 f 	15344.097530	0.002000	29
X2Pi 1.5 4 11.5 e 	15339.790799	0.002000	26
X2Pi 0.5 4 10.5 e 	15382.164451	0.002000	26
X2Pi 0.5 4 10.5 f 	15379.963076	0.002000	26
X2Pi 1.5 3 6.5 f 	10895.047305	0.002000	37
X2Pi 1.5 5 5.5 f 	16647.230961	0.002000	36
X2Pi 1.5 3 6.5 e 	10893.595861	0.002000	38
X2Pi 1.5 5 5.5 e 	16646.370336	0.002062	33
X2Pi 0.5 3 5.5 e 	10954.573522	0.002062	35
X2Pi 0.5 5 4.5 e 	16717.755690	0.002113	34
X2Pi 0.5 3 5.5 f 	10954.379537	0.001600	36
X2Pi 0.5 5 4.5 f 	16717.810414	0.002253	36
X2Pi 1.5 3 15.5 f 	14065.614062	0.002000	22
X2Pi 1.5 3 15.5 e 	14057.620277	0.003031	22
X2Pi 0.5 3 14.5 e 	14094.054082	0.002000	24
X2Pi 0.5 3 14.5 f 	14089.004886	0.002000	23
X2Pi 1.5 3 5.5 f 	10695.764400	0.002000	40
X2Pi 1.5 5 4.5 f 	16493.094526	0.002062	37
X2Pi 1.5 4 10.5 f 	15005.529755	0.002000	28
X2Pi 1.5 3 5.5 e 	10694.754343	0.002062	40
X2Pi 1.5 5 4.5 e 	16492.550139	0.002058	35
X2Pi 1.5 4 10.5 e 	15001.918570	0.002000	26
X2Pi 0.5 4 9.5 e 	15046.706850	0.002000	28
X2Pi 0.5 4 9.5 f 	15045.025100	0.002000	28
X2Pi 0.5 3 4.5 e 	10763.251976	0.002155	36
X2Pi 0.5 5 3.5 e 	16573.648115	0.002000	35
X2Pi 0.5 3 4.5 f 	10763.288028	0.001998	36
X2Pi 0.5 5 3.5 f 	16573.826941	0.002539	32
X2Pi 1.5 3 4.5 f 	10527.829515	0.002000	41
X2Pi 1.5 5 3.5 f 	16367.530167	0.002051	38
X2Pi 1.5 3 4.5 e 	10527.185765	0.002058	39
X2Pi 1.5 5 3.5 e 	16367.229601	0.002000	37
X2Pi 1.5 3 14.5 f 	13595.404363	0.002000	28
X2Pi 1.5 3 14.5 e 	13588.312544	0.002000	24
X2Pi 0.5 3 13.5 e 	13625.556538	0.002000	24
X2Pi 0.5 3 13.5 f 	13621.239848	0.002000	23
X2Pi 0.5 3 3.5 e 	10605.364887	0.002000	37
X2Pi 0.5 5 2.5 e 	16460.703355	0.002000	32
X2Pi 0.5 3 3.5 f 	10605.550241	0.001916	37
X2Pi 0.5 5 2.5 f 	16460.931221	0.002000	30
X2Pi 1.5 4 9.5 f 	14695.893458	0.002149	31
X2Pi 1.5 4 9.5 e 	14692.930115	0.002000	31
X2Pi 0.5 4 8.5 e 	14740.740504	0.002000	29
X2Pi 0.5 4 8.5 f 	14739.526457	0.002000	29
X2Pi 1.5 3 3.5 f 	10391.159433	0.002000	43
X2Pi 1.5 5 2.5 f 	16270.369665	0.002000	36
X2Pi 1.5 3 3.5 e 	10390.800921	0.001994	40
X2Pi 1.5 5 2.5 e 	16270.238127	0.002000	34
X2Pi 0.5 3 2.5 e 	10481.526868	0.002168	34
X2Pi 0.5 5 1.5 e 	16379.486342	0.002000	30
X2Pi 0.5 3 2.5 f 	10481.775910	0.002000	36
X2Pi 0.5 5 1.5 f 	16379.690762	0.002000	29
X2Pi 1.5 4 8.5 f 	14415.541928	0.002299	32
X2Pi 1.5 4 8.5 e 	14413.175031	0.002000	33
X2Pi 1.5 3 2.5 f 	10285.531615	0.002000	38
X2Pi 1.5 5 1.5 f 	16201.341634	0.002000	26
X2Pi 1.5 3 2.5 e 	10285.373148	0.002000	37
X2Pi 1.5 5 1.5 e 	16201.306023	0.002000	26
X2Pi 0.5 3 12.5 f 	13182.040543	0.002000	27
X2Pi 0.5 4 7.5 e 	14464.766524	0.002000	33
X2Pi 0.5 4 7.5 f 	14463.964047	0.002000	28
X2Pi 0.5 3 1.5 f 	10392.625512	0.002000	35
X2Pi 0.5 5 0.5 f 	16330.642939	0.002000	17
X2Pi 0.5 3 1.5 e 	10392.396559	0.002000	33
X2Pi 0.5 5 0.5 e 	16330.523229	0.002000	18
X2Pi 1.5 4 7.5 f 	14164.768608	0.002000	34
X2Pi 1.5 4 7.5 e 	14162.941135	0.002000	35
X2Pi 0.5 4 6.5 e 	14219.277282	0.002000	32
X2Pi 0.5 4 6.5 f 	14218.825383	0.002000	32
X2Pi 0.5 3 11.5 f 	12772.002432	0.002000	25
X2Pi 1.5 3 1.5 f 	10210.588269	0.002000	34
X2Pi 1.5 3 1.5 e 	10210.544938	0.002000	28
X2Pi 1.5 4 6.5 f 	13943.795842	0.002000	34
X2Pi 1.5 4 6.5 e 	13942.447201	0.002000	33
X2Pi 0.5 4 5.5 e 	14004.765815	0.002062	34
X2Pi 0.5 4 5.5 f 	14004.598542	0.002000	33
X2Pi 0.5 3 0.5 e 	10338.617448	0.002000	22
X2Pi 0.5 3 10.5 f 	12391.692502	0.002000	27
X2Pi 1.5 4 5.5 f 	13752.765624	0.002000	37
X2Pi 1.5 4 5.5 e 	13751.829975	0.002062	35
X2Pi 0.5 4 4.5 e 	13821.741201	0.001916	35
X2Pi 0.5 4 4.5 f 	13821.787238	0.002000	34
X2Pi 1.5 4 4.5 f 	13591.723009	0.002000	37
X2Pi 1.5 4 4.5 e 	13591.128827	0.002058	38
X2Pi 0.5 4 3.5 e 	13670.743737	0.002000	34
X2Pi 0.5 4 3.5 f 	13670.926389	0.002000	35
X2Pi 1.5 5 15.5 f 	19728.902183	0.002000	18
X2Pi 0.5 5 14.5 e 	19759.246602	0.002000	19
X2Pi 1.5 5 15.5 e 	19721.956698	0.002000	19
X2Pi 0.5 5 13.5 f 	19328.145433	0.002000	19
X2Pi 1.5 5 14.5 f 	19299.749992	0.002000	21
X2Pi 0.5 5 13.5 e 	19331.887790	0.002000	21
X2Pi 1.5 5 14.5 e 	19293.585517	0.002000	19
X2Pi 0.5 5 12.5 f 	18927.303002	0.002000	20
X2Pi 0.5 5 12.5 e 	18930.439595	0.002000	20
X2Pi 1.5 5 13.5 e 	18890.845482	0.002000	21
X2Pi 1.5 5 13.5 f 	18896.255911	0.002000	20
X2Pi 1.5 4 3.5 f 	13460.598697	0.002000	41
X2Pi 1.5 4 3.5 e 	13460.269228	0.002000	40
X2Pi 0.5 5 11.5 f 	18552.928919	0.002000	24
X2Pi 0.5 5 9.5 f 	17885.803924	0.002000	27
X2Pi 0.5 5 10.5 f 	18205.584126	0.002000	25
X2Pi 0.5 4 2.5 f 	13552.594148	0.002000	33
X2Pi 0.5 4 2.5 e 	13552.355172	0.002000	32
X2Pi 1.5 4 2.5 f 	13359.196889	0.001874	39
X2Pi 0.5 4 1.5 e 	13467.186422	0.002000	36
X2Pi 0.5 4 1.5 f 	13467.403266	0.002000	33
X2Pi 1.5 4 1.5 f 	13287.203621	0.002000	31
X2Pi 1.5 4 1.5 e 	13287.164212	0.002000	33
X2Pi 0.5 4 0.5 f 	13415.947739	0.002000	21
X2Pi 0.5 4 0.5 e 	13415.819976	0.002000	24
X2Pi 1.5 4 2.5 e 	13359.052118	0.002000	39
X2Pi 0.5 3 0.5 f 	10338.753165	0.002000	19
X2Pi 0.5 4 18.5 e 	19059.917256	0.002000	13
X2Pi 0.5 4 18.5 f 	19052.206282	0.002000	15
X2Pi 0.5 4 16.5 f 	17977.281741	0.002000	18
X2Pi 0.5 3 20.5 e 	17468.454289	0.002000	7
X2Pi 0.5 5 14.5 f 	19754.866460	0.002000	19
X2Pi 1.5 1 22.5 e 	12127.834850	0.002000	12
X2Pi 1.5 1 23.5 e 	12861.325773	0.002000	16
X2Pi 1.5 1 24.5 e 	13619.165221	0.002000	14
X2Pi 1.5 1 25.5 e 	14400.471984	0.002000	13
X2Pi 1.5 1 26.5 e 	15204.340680	0.002282	11
X2Pi 1.5 1 27.5 e 	16029.843298	0.002612	9
X2Pi 1.5 1 28.5 e 	16876.028265	0.018849	4
X2Pi 1.5 1 29.5 e 	17741.929055	0.022849	3
X2Pi 1.5 1 30.5 e 	18626.554316	0.021468	2
X2Pi 1.5 1 31.5 e 	19528.894777	0.017468	4
X2Pi 1.5 1 32.5 e 	20447.925693	0.021468	2
X2Pi 1.5 1 33.5 e 	21382.601009	0.025468	4
X2Pi 1.5 1 34.5 e 	22331.858138	0.029468	3
X2Pi 1.5 1 35.5 e 	23294.615793	0.030468	3
X2Pi 1.5 1 36.5 e 	24269.781495	0.031468	4
X2Pi 1.5 1 37.5 e 	25256.240343	0.032468	3
X2Pi 1.5 1 38.5 e 	26252.862038	0.033468	3
X2Pi 1.5 1 39.5 e 	27258.496185	0.034468	2
X2Pi 1.5 1 40.5 e 	28271.969332	0.035468	2
X2Pi 1.5 1 41.5 e 	29292.088279	0.036468	3
X2Pi 1.5 1 22.5 f 	12144.641575	0.002000	14
X2Pi 1.5 1 23.5 f 	12879.291612	0.002000	12
X2Pi 1.5 1 24.5 f 	13638.285866	0.002000	13
X2Pi 1.5 1 25.5 f 	14420.737454	0.002000	12
X2Pi 1.5 1 26.5 f 	15225.736094	0.002000	10
X2Pi 1.5 1 27.5 f 	16052.348662	0.002282	8
X2Pi 1.5 1 28.5 f 	16899.619932	0.006282	2
X2Pi 1.5 1 29.5 f 	17766.575001	0.008746	3
X2Pi 1.5 1 30.5 f 	18652.220073	0.012746	3
X2Pi 1.5 1 31.5 f 	19555.540144	0.016746	2
X2Pi 1.5 1 32.5 f 	20475.503614	0.020746	4
X2Pi 1.5 1 33.5 f 	21411.059496	0.021746	4
X2Pi 1.5 1 34.5 f 	22361.143581	0.025746	3
X2Pi 1.5 1 35.5 f 	23324.670151	0.026746	6
X2Pi 1.5 1 36.5 f 	24300.538503	0.027746	3
X2Pi 1.5 1 37.5 f 	25287.631607	0.028746	2
X2Pi 1.5 1 38.5 f 	26284.812112	0.029746	4
X2Pi 1.5 1 39.5 f 	27290.924615	0.030746	3
X2Pi 1.5 1 40.5 f 	28304.790714	0.031746	2
X2Pi 1.5 1 41.5 f 	29325.212913	0.032746	3
X2Pi 1.5 1 42.5 f 	30350.963613	0.033746	1
X2Pi 0.5 1 21.5 e 	12164.075178	0.002000	12
X2Pi 0.5 1 22.5 e 	12898.046594	0.002000	11
X2Pi 0.5 1 23.5 e 	13656.423301	0.002000	12
X2Pi 0.5 1 24.5 e 	14438.311805	0.002000	10
X2Pi 0.5 1 25.5 e 	15242.796110	0.002000	10
X2Pi 0.5 1 26.5 e 	16068.938183	0.002282	10
X2Pi 0.5 1 27.5 e 	16915.779019	0.002612	10
X2Pi 0.5 1 28.5 e 	17782.342364	0.006612	2
X2Pi 0.5 1 29.5 e 	18667.627710	0.010612	4
X2Pi 0.5 1 30.5 e 	19570.618590	0.014612	3
X2Pi 0.5 1 31.5 e 	20490.278377	0.015612	4
X2Pi 0.5 1 32.5 e 	21425.559606	0.019612	2
X2Pi 0.5 1 33.5 e 	22375.392335	0.023612	3
X2Pi 0.5 1 34.5 e 	23338.688996	0.024612	5
X2Pi 0.5 1 35.5 e 	24314.349681	0.025612	4
X2Pi 0.5 1 36.5 e 	25301.255038	0.026612	2
X2Pi 0.5 1 37.5 e 	26298.266295	0.027612	3
X2Pi 0.5 1 38.5 e 	27304.228958	0.028612	2
X2Pi 0.5 1 39.5 e 	28317.963421	0.029612	2
X2Pi 0.5 1 40.5 e 	29338.270884	0.030612	4
X2Pi 0.5 1 41.5 e 	30363.924184	0.031612	1
X2Pi 0.5 1 21.5 f 	12151.762409	0.002000	12
X2Pi 0.5 1 22.5 f 	12884.724540	0.002000	12
X2Pi 0.5 1 23.5 f 	13642.089942	0.002000	13
X2Pi 0.5 1 24.5 f 	14422.970631	0.002000	14
X2Pi 0.5 1 25.5 f 	15226.455257	0.002000	13
X2Pi 0.5 1 26.5 f 	16051.610621	0.002000	8
X2Pi 0.5 1 27.5 f 	16897.482759	0.002282	8
X2Pi 0.5 1 28.5 f 	17763.097659	0.006282	1
X2Pi 0.5 1 29.5 f 	18647.488676	0.067200	1
X2Pi 0.5 1 30.5 f 	19549.591076	0.063200	3
X2Pi 0.5 1 31.5 f 	20468.400968	0.063000	4
X2Pi 0.5 1 32.5 f 	21402.872533	0.062000	3
X2Pi 0.5 1 33.5 f 	22351.942433	0.058000	4
X2Pi 0.5 1 34.5 f 	23314.528596	0.057000	3
X2Pi 0.5 1 35.5 f 	24289.535208	0.056000	4
X2Pi 0.5 1 36.5 f 	25275.846301	0.055000	4
X2Pi 0.5 1 37.5 f 	26272.328948	0.054000	4
X2Pi 0.5 1 38.5 f 	27277.831296	0.053000	3
X2Pi 0.5 1 39.5 f 	28291.182991	0.052000	2
X2Pi 0.5 1 40.5 f 	29311.195986	0.051000	3
X2Pi 0.5 1 41.5 f 	30336.630186	0.052000	2
X2Pi 0.5 1 42.5 f 	31366.243986	0.054000	2
X2Pi 1.5 2 24.5 e 	16614.428710	0.003919	8
X2Pi 1.5 2 25.5 e 	17362.480536	0.004200	5
X2Pi 1.5 2 26.5 e 	18131.873774	0.005200	4
X2Pi 1.5 2 27.5 e 	18921.687726	0.006200	4
X2Pi 1.5 2 28.5 e 	19730.970577	0.007200	2
X2Pi 1.5 2 29.5 e 	20558.754229	0.008200	2
X2Pi 1.5 2 30.5 e 	21404.049880	0.009200	2
X2Pi 1.5 2 31.5 e 	22265.843631	0.010200	2
X2Pi 1.5 2 32.5 e 	23143.104382	0.011200	2
X2Pi 1.5 2 33.5 e 	24034.774634	0.012200	2
X2Pi 1.5 2 34.5 e 	24939.777785	0.013200	3
X2Pi 1.5 2 35.5 e 	25857.016254	0.014200	3
X2Pi 1.5 2 36.5 e 	26785.365222	0.015200	3
X2Pi 1.5 2 37.5 e 	27723.676605	0.016200	3
X2Pi 1.5 2 38.5 e 	28670.776396	0.017200	3
X2Pi 1.5 2 39.5 e 	29625.458296	0.018200	2
X2Pi 1.5 2 40.5 e 	30586.479296	0.019200	4
X2Pi 1.5 2 41.5 e 	31552.564696	0.020200	1
X2Pi 1.5 2 24.5 f 	16632.431833	0.003200	6
X2Pi 1.5 2 25.5 f 	17381.546783	0.004103	5
X2Pi 1.5 2 26.5 f 	18151.984018	0.005103	2
X2Pi 1.5 2 27.5 f 	18942.814953	0.006103	3
X2Pi 1.5 2 28.5 f 	19753.089088	0.007103	2
X2Pi 1.5 2 29.5 f 	20581.831423	0.008103	3
X2Pi 1.5 2 30.5 f 	21428.046656	0.009103	2
X2Pi 1.5 2 31.5 f 	22290.716690	0.010103	4
X2Pi 1.5 2 32.5 f 	23168.803217	0.011103	2
X2Pi 1.5 2 33.5 f 	24061.246045	0.012103	2
X2Pi 1.5 2 34.5 f 	24966.961973	0.013103	2
X2Pi 1.5 2 35.5 f 	25884.847101	0.014103	3
X2Pi 1.5 2 36.5 f 	26813.772628	0.015103	5
X2Pi 1.5 2 37.5 f 	27752.583449	0.016103	2
X2Pi 1.5 2 38.5 f 	28700.098369	0.017103	3
X2Pi 1.5 2 39.5 f 	29655.105667	0.018103	2
X2Pi 1.5 2 40.5 f 	30616.357965	0.019103	3
X2Pi 1.5 2 41.5 f 	31582.567062	0.020103	2
X2Pi 0.5 2 23.5 e 	16651.164891	0.003200	5
X2Pi 0.5 2 24.5 e 	17399.706242	0.003919	6
X2Pi 0.5 2 25.5 e 	18169.620123	0.004200	6
X2Pi 0.5 2 26.5 e 	18959.973243	0.005200	2
X2Pi 0.5 2 27.5 e 	19769.808763	0.006200	4
X2Pi 0.5 2 28.5 e 	20598.150963	0.007200	1
X2Pi 0.5 2 29.5 e 	21444.065643	0.075200	1
X2Pi 0.5 2 30.5 e 	22306.402343	0.074200	2
X2Pi 0.5 2 31.5 e 	23184.184843	0.073200	2
X2Pi 0.5 2 32.5 e 	24076.350143	0.072200	3
X2Pi 0.5 2 33.5 e 	24981.814149	0.071200	3
X2Pi 0.5 2 34.5 e 	25899.471154	0.070200	2
X2Pi 0.5 2 35.5 e 	26828.191960	0.069200	4
X2Pi 0.5 2 36.5 e 	27766.817978	0.068200	4
X2Pi 0.5 2 37.5 e 	28714.173195	0.067200	2
X2Pi 0.5 2 38.5 e 	29669.040411	0.066200	4
X2Pi 0.5 2 39.5 e 	30630.171020	0.067200	3
X2Pi 0.5 2 40.5 e 	31596.281120	0.068200	1
X2Pi 0.5 2 23.5 f 	16637.670320	0.003919	8
X2Pi 0.5 2 24.5 f 	17385.271214	0.003200	7
X2Pi 0.5 2 25.5 f 	18154.254069	0.004103	5
X2Pi 0.5 2 26.5 f 	18943.695702	0.005103	4
X2Pi 0.5 2 27.5 f 	19752.641333	0.006103	2
X2Pi 0.5 2 28.5 f 	20580.118965	0.007103	2
X2Pi 0.5 2 29.5 f 	21425.133596	0.008103	2
X2Pi 0.5 2 30.5 f 	22286.671827	0.009103	2
X2Pi 0.5 2 31.5 f 	23163.694659	0.010103	3
X2Pi 0.5 2 32.5 f 	24055.146389	0.011103	2
X2Pi 0.5 2 33.5 f 	24959.944320	0.012103	2
X2Pi 0.5 2 34.5 f 	25876.989650	0.013103	2
X2Pi 0.5 2 35.5 f 	26805.161281	0.014103	2
X2Pi 0.5 2 36.5 f 	27743.303511	0.015103	4
X2Pi 0.5 2 37.5 f 	28690.248486	0.016103	3
X2Pi 0.5 2 38.5 f 	29644.783668	0.017103	3
X2Pi 0.5 2 39.5 f 	30605.663997	0.018103	3
X2Pi 0.5 2 40.5 f 	31571.614344	0.019103	3
X2Pi 1.5 3 21.5 e 	17433.095668	0.003000	5
X2Pi 1.5 3 22.5 e 	18082.345993	0.003000	6
X2Pi 1.5 3 23.5 e 	18754.282839	0.003200	7
X2Pi 1.5 3 24.5 e 	19448.061654	0.003919	7
X2Pi 1.5 3 25.5 e 	20162.810205	0.004200	5
X2Pi 1.5 3 26.5 e 	20897.629790	0.005200	4
X2Pi 1.5 3 27.5 e 	21651.593190	0.006200	2
X2Pi 1.5 3 28.5 e 	22423.750490	0.007200	2
X2Pi 1.5 3 29.5 e 	23213.123690	0.008200	2
X2Pi 1.5 3 30.5 e 	24018.708790	0.009200	2
X2Pi 1.5 3 31.5 e 	24839.479090	0.010200	2
X2Pi 1.5 3 32.5 e 	25674.377190	0.011200	1
X2Pi 1.5 3 33.5 e 	26522.366649	0.122200	1
X2Pi 1.5 3 34.5 e 	27382.241149	0.121200	2
X2Pi 1.5 3 21.5 f 	17446.946528	0.003000	5
X2Pi 1.5 3 22.5 f 	18097.201401	0.003000	5
X2Pi 1.5 3 23.5 f 	18770.137963	0.003919	5
X2Pi 1.5 3 24.5 f 	19464.905877	0.003200	5
X2Pi 1.5 3 25.5 f 	20180.627224	0.004103	7
X2Pi 1.5 3 26.5 f 	20916.395817	0.005103	2
X2Pi 1.5 3 27.5 f 	21671.283911	0.006103	4
X2Pi 1.5 3 28.5 f 	22444.333407	0.007103	3
X2Pi 1.5 3 29.5 f 	23234.560405	0.008103	2
X2Pi 1.5 3 30.5 f 	24040.958402	0.009103	2
X2Pi 1.5 3 31.5 f 	24862.492100	0.010103	3
X2Pi 1.5 3 32.5 f 	25698.097697	0.011103	3
X2Pi 1.5 3 33.5 f 	26546.686697	0.013103	2
X2Pi 1.5 3 34.5 f 	27407.143397	0.014103	1
X2Pi 0.5 3 21.5 e 	18117.926743	0.003000	5
X2Pi 0.5 3 22.5 e 	18790.153719	0.003000	5
X2Pi 0.5 3 23.5 e 	19484.276940	0.003200	6
X2Pi 0.5 3 24.5 e 	20199.411550	0.003919	7
X2Pi 0.5 3 25.5 e 	20934.647351	0.004200	6
X2Pi 0.5 3 26.5 e 	21689.048155	0.005200	3
X2Pi 0.5 3 27.5 e 	22461.653555	0.006200	1
X2Pi 0.5 3 28.5 e 	23251.529708	0.056200	2
X2Pi 0.5 3 29.5 e 	24057.557728	0.057200	2
X2Pi 0.5 3 30.5 e 	24878.754247	0.058200	2
X2Pi 0.5 3 31.5 e 	25714.055666	0.059200	3
X2Pi 0.5 3 32.5 e 	26562.368046	0.061200	2
X2Pi 0.5 3 33.5 e 	27422.574566	0.062200	4
X2Pi 0.5 3 34.5 e 	28293.520480	0.063200	2
X2Pi 0.5 3 35.5 e 	29174.021894	0.064200	2
X2Pi 0.5 3 36.5 e 	30062.850908	0.065103	4
X2Pi 0.5 3 37.5 e 	30958.788883	0.066103	2
X2Pi 0.5 3 38.5 e 	31860.415977	0.067103	3
X2Pi 0.5 3 39.5 e 	32766.416993	0.068103	2
X2Pi 0.5 3 20.5 f 	17458.457222	0.002000	7
X2Pi 0.5 3 21.5 f 	18107.056314	0.003000	5
X2Pi 0.5 3 22.5 f 	18778.408713	0.003000	7
X2Pi 0.5 3 23.5 f 	19471.661015	0.003919	6
X2Pi 0.5 3 24.5 f 	20185.933800	0.003200	5
X2Pi 0.5 3 25.5 f 	20920.321121	0.004103	6
X2Pi 0.5 3 26.5 f 	21673.894027	0.005103	3
X2Pi 0.5 3 27.5 f 	22445.693931	0.006103	3
X2Pi 0.5 3 28.5 f 	23234.739234	0.007103	3
X2Pi 0.5 3 29.5 f 	24040.025034	0.008103	2
X2Pi 0.5 3 30.5 f 	24860.519934	0.009103	2
X2Pi 0.5 3 31.5 f 	25695.163534	0.010103	2
X2Pi 0.5 3 32.5 f 	26542.870834	0.011103	2
X2Pi 0.5 3 33.5 f 	27402.525934	0.012103	2
X2Pi 0.5 3 34.5 f 	28272.985334	0.013103	3
X2Pi 0.5 3 35.5 f 	29153.066334	0.014103	2
X2Pi 0.5 3 36.5 f 	30041.555534	0.015103	1
X2Pi 1.5 9 2.5 e 	26242.146588	0.002324	22
X2Pi 1.5 11 1.5 e 	30080.590718	0.012000	2
X2Pi 1.5 9 3.5 e 	26321.234333	0.002109	21
X2Pi 1.5 11 2.5 e 	30129.451459	0.012324	2
X2Pi 1.5 9 4.5 e 	26423.148808	0.002273	19
X2Pi 1.5 11 3.5 e 	30197.892350	0.012000	3
X2Pi 1.5 9 5.5 e 	26547.930619	0.002343	19
X2Pi 1.5 11 4.5 e 	30285.917060	0.012100	3
X2Pi 1.5 9 6.5 e 	26695.544354	0.002278	19
X2Pi 1.5 11 5.5 e 	30393.494354	0.012278	1
X2Pi 1.5 9 7.5 e 	26865.876898	0.002535	17
X2Pi 1.5 11 6.5 e 	30520.486898	0.012535	2
X2Pi 1.5 9 8.5 e 	27058.741078	0.002000	13
X2Pi 1.5 11 7.5 e 	30666.731078	0.012000	1
X2Pi 1.5 9 9.5 e 	27273.873756	0.002500	9
X2Pi 1.5 11 8.5 e 	30831.943756	0.012500	1
X2Pi 1.5 9 2.5 f 	26242.224526	0.002358	17
X2Pi 1.5 11 1.5 f 	30080.605646	0.012100	3
X2Pi 1.5 9 3.5 f 	26321.415656	0.002200	18
X2Pi 1.5 11 2.5 f 	30129.480336	0.012000	2
X2Pi 1.5 9 4.5 f 	26423.483687	0.002343	20
X2Pi 1.5 11 3.5 f 	30197.989961	0.012200	3
X2Pi 1.5 9 5.5 f 	26548.467607	0.002200	18
X2Pi 1.5 11 4.5 f 	30286.127607	0.012200	1
X2Pi 0.5 9 1.5 e 	26355.500358	0.002500	17
X2Pi 0.5 11 0.5 e 	30210.540374	0.012500	2
X2Pi 0.5 9 2.5 e 	26420.296494	0.004436	17
X2Pi 0.5 11 1.5 e 	30243.876494	0.014436	1
X2Pi 0.5 9 3.5 e 	26510.530782	0.002191	21
X2Pi 0.5 11 2.5 e 	30299.221299	0.012191	3
X2Pi 0.5 9 4.5 e 	26625.789698	0.002380	19
X2Pi 0.5 11 3.5 e 	30376.289559	0.012380	2
X2Pi 0.5 9 5.5 e 	26765.633832	0.002321	16
X2Pi 0.5 11 4.5 e 	30474.753106	0.012321	3
X2Pi 0.5 9 1.5 f 	26355.625761	0.002500	16
X2Pi 0.5 11 0.5 f 	30210.577402	0.012000	3
X2Pi 0.5 9 2.5 f 	26420.442159	0.002000	15
X2Pi 0.5 11 1.5 f 	30243.901099	0.012000	2
X2Pi 0.5 9 3.5 f 	26510.644487	0.002369	18
X2Pi 0.5 11 2.5 f 	30299.218646	0.012000	3
X2Pi 0.5 9 4.5 f 	26625.823469	0.002440	19
X2Pi 0.5 11 3.5 f 	30376.240166	0.012200	4
X2Pi 0.5 9 5.5 f 	26765.536830	0.002369	18
X2Pi 0.5 11 4.5 f 	30474.620080	0.012156	5
X2Pi 0.5 9 6.5 f 	26929.331126	0.002299	16
X2Pi 0.5 11 5.5 f 	30593.931126	0.012299	1
X2Pi 1.5 6 1.5 e 	18951.856794	0.002000	23
X2Pi 1.5 6 2.5 e 	19017.794196	0.002155	29
X2Pi 1.5 6 3.5 e 	19110.511565	0.002000	28
X2Pi 1.5 6 4.5 e 	19230.235391	0.002058	26
X2Pi 1.5 6 5.5 e 	19377.106480	0.002062	30
X2Pi 1.5 6 6.5 e 	19551.165006	0.002000	32
X2Pi 1.5 6 7.5 e 	19752.352622	0.002000	26
X2Pi 1.5 6 8.5 e 	19980.523467	0.002067	25
X2Pi 1.5 6 9.5 e 	20235.455669	0.002000	25
X2Pi 1.5 6 10.5 e 	20516.859639	0.002000	18
X2Pi 1.5 6 1.5 f 	18951.888676	0.002000	23
X2Pi 1.5 6 2.5 f 	19017.912611	0.002000	27
X2Pi 1.5 6 3.5 f 	19110.783248	0.002058	30
X2Pi 1.5 6 4.5 f 	19230.729571	0.002000	28
X2Pi 1.5 6 5.5 f 	19377.890472	0.002000	32
X2Pi 1.5 6 6.5 f 	19552.301914	0.002000	30
X2Pi 1.5 6 7.5 f 	19753.899802	0.002204	29
X2Pi 1.5 6 8.5 f 	19982.535127	0.002100	24
X2Pi 1.5 6 9.5 f 	20237.981344	0.002000	21
X2Pi 1.5 6 10.5 f 	20519.942361	0.002000	18
X2Pi 0.5 6 1.5 e 	19128.147433	0.002000	21
X2Pi 0.5 6 2.5 e 	19205.394615	0.002000	24
X2Pi 0.5 6 3.5 e 	19312.862233	0.002000	28
X2Pi 0.5 6 4.5 e 	19450.029048	0.002113	27
X2Pi 0.5 6 5.5 e 	19616.374956	0.002100	27
X2Pi 0.5 6 6.5 e 	19811.398948	0.002297	26
X2Pi 0.5 6 7.5 e 	20034.615719	0.002244	26
X2Pi 0.5 6 8.5 e 	20285.544764	0.002000	20
X2Pi 0.5 6 9.5 e 	20563.701742	0.002000	19
X2Pi 0.5 6 0.5 f 	19081.705596	0.002000	16
X2Pi 0.5 6 1.5 f 	19128.337418	0.002000	24
X2Pi 0.5 6 2.5 f 	19205.608316	0.002000	24
X2Pi 0.5 6 3.5 f 	19313.033179	0.002430	27
X2Pi 0.5 6 4.5 f 	19450.088069	0.002456	27
X2Pi 0.5 6 5.5 f 	19616.254623	0.002366	25
X2Pi 0.5 6 6.5 f 	19811.036265	0.002210	26
X2Pi 0.5 6 7.5 f 	20033.951716	0.002342	23
X2Pi 0.5 6 8.5 f 	20284.526141	0.002000	19
X2Pi 0.5 6 9.5 f 	20562.279512	0.002000	18
X2Pi 0.5 6 10.5 f 	20866.719067	0.002000	19
X2Pi 1.5 6 11.5 e 	20824.385965	0.002000	16
X2Pi 0.5 6 11.5 f 	21197.332590	0.002000	17
X2Pi 0.5 6 12.5 f 	21553.583164	0.002000	17
X2Pi 0.5 6 13.5 f 	21934.906942	0.002000	15
X2Pi 1.5 7 5.5 e 	21941.218206	0.002253	29
X2Pi 1.5 7 6.5 e 	22106.791815	0.002423	23
X2Pi 1.5 7 7.5 e 	22298.082972	0.002413	22
X2Pi 1.5 7 8.5 e 	22514.936915	0.002606	20
X2Pi 1.5 7 3.5 f 	21687.664903	0.002443	29
X2Pi 1.5 7 4.5 f 	21801.877539	0.002100	28
X2Pi 1.5 7 5.5 f 	21941.923234	0.002256	25
X2Pi 1.5 7 6.5 f 	22107.816908	0.002100	26
X2Pi 1.5 7 7.5 f 	22299.482955	0.002288	25
X2Pi 1.5 7 8.5 f 	22516.761330	0.002100	19
X2Pi 0.5 7 3.5 e 	21885.630005	0.002502	23
X2Pi 0.5 7 4.5 e 	22015.738159	0.002455	22
X2Pi 0.5 7 5.5 e 	22173.557741	0.002280	24
X2Pi 0.5 7 6.5 e 	22358.606331	0.002100	22
X2Pi 0.5 7 3.5 f 	21885.789004	0.002341	25
X2Pi 0.5 7 5.5 f 	22173.454037	0.002477	27
X2Pi 0.5 7 6.5 f 	22358.281270	0.002503	24
X2Pi 0.5 7 7.5 f 	22569.806258	0.002123	18
X2Pi 1.5 7 2.5 e 	21599.071714	0.002536	26
X2Pi 1.5 7 3.5 e 	21687.422762	0.002373	24
X2Pi 1.5 7 4.5 e 	21801.435180	0.002234	22
X2Pi 1.5 7 9.5 e 	22757.126289	0.002000	18
X2Pi 1.5 7 10.5 e 	23024.352733	0.002000	15
X2Pi 1.5 7 2.5 f 	21599.176930	0.002431	27
X2Pi 1.5 7 9.5 f 	22759.419815	0.002000	16
X2Pi 1.5 7 10.5 f 	23027.154251	0.002000	14
X2Pi 0.5 7 7.5 e 	22570.406445	0.002267	22
X2Pi 0.5 7 8.5 e 	22808.481646	0.002100	21
X2Pi 0.5 7 9.5 e 	23072.349100	0.002000	13
X2Pi 0.5 7 10.5 e 	23361.505692	0.002000	13
X2Pi 0.5 6 10.5 e 	20868.589696	0.002000	18
X2Pi 0.5 7 11.5 e 	23675.430840	0.002000	13
X2Pi 0.5 6 11.5 e 	21199.691850	0.002000	17
X2Pi 0.5 7 12.5 e 	24013.576484	0.002000	15
X2Pi 0.5 6 12.5 e 	21556.467693	0.002000	15
X2Pi 0.5 7 13.5 e 	24375.365188	0.002000	11
X2Pi 0.5 7 2.5 f 	21783.920414	0.002469	23
X2Pi 0.5 7 4.5 f 	22015.796332	0.002269	20
X2Pi 0.5 7 8.5 f 	22807.556726	0.002000	20
X2Pi 0.5 7 9.5 f 	23071.052600	0.002000	14
X2Pi 0.5 7 12.5 f 	24010.941580	0.002000	11
X2Pi 1.5 8 1.5 e 	23949.818593	0.002000	21
X2Pi 1.5 8 1.5 f 	23949.843104	0.002000	16
X2Pi 0.5 7 2.5 e 	21783.725008	0.002324	22
X2Pi 0.5 8 1.5 e 	24121.965178	0.002000	20
X2Pi 0.5 8 1.5 f 	24122.118282	0.002000	24
X2Pi 1.5 7 1.5 e 	21536.198496	0.002424	19
X2Pi 1.5 8 2.5 e 	24009.517143	0.002192	27
X2Pi 1.5 8 3.5 e 	24093.350611	0.002000	22
X2Pi 1.5 8 4.5 e 	24201.460562	0.002100	22
X2Pi 1.5 8 5.5 e 	24333.923156	0.002100	19
X2Pi 1.5 8 6.5 e 	24490.732546	0.002090	21
X2Pi 1.5 8 7.5 e 	24671.799635	0.002000	19
X2Pi 1.5 8 8.5 e 	24876.955103	0.002000	13
X2Pi 1.5 8 9.5 e 	25105.957890	0.002000	14
X2Pi 1.5 8 10.5 e 	25358.501065	0.002000	12
X2Pi 1.5 8 11.5 e 	25634.216753	0.002000	10
X2Pi 1.5 8 4.5 f 	24201.850689	0.002109	25
X2Pi 1.5 8 5.5 f 	24334.547057	0.002100	22
X2Pi 1.5 8 6.5 f 	24491.642589	0.002000	21
X2Pi 1.5 8 7.5 f 	24673.044445	0.002416	20
X2Pi 1.5 8 8.5 f 	24878.579947	0.002000	16
X2Pi 1.5 8 9.5 f 	25108.001753	0.002000	13
X2Pi 1.5 8 10.5 f 	25360.998707	0.002000	13
X2Pi 1.5 8 11.5 f 	25637.199419	0.002000	10
X2Pi 0.5 7 1.5 e 	21710.503310	0.002000	18
X2Pi 0.5 8 2.5 e 	24191.059189	0.002000	21
X2Pi 0.5 8 3.5 e 	24287.249539	0.002276	21
X2Pi 0.5 8 4.5 e 	24410.094349	0.002200	22
X2Pi 0.5 8 7.5 e 	24933.893311	0.002000	17
X2Pi 0.5 8 8.5 e 	25158.675424	0.002000	13
X2Pi 0.5 8 9.5 e 	25407.743078	0.002000	14
X2Pi 0.5 8 10.5 e 	25680.587504	0.002000	12
X2Pi 0.5 7 1.5 f 	21710.676457	0.002000	16
X2Pi 0.5 8 2.5 f 	24191.232737	0.002000	21
X2Pi 0.5 8 3.5 f 	24287.390937	0.002180	21
X2Pi 0.5 8 4.5 f 	24410.145978	0.002461	22
X2Pi 0.5 8 6.5 f 	24733.590782	0.002000	16
X2Pi 0.5 8 7.5 f 	24933.349104	0.002000	16
X2Pi 0.5 8 8.5 f 	25157.837232	0.002000	15
X2Pi 0.5 8 9.5 f 	25406.570278	0.002000	12
X2Pi 0.5 8 10.5 f 	25679.044036	0.002000	12
X2Pi 1.5 9 1.5 e 	26185.788625	0.002000	11
X2Pi 1.5 8 2.5 f 	24009.608712	0.002069	24
X2Pi 1.5 9 1.5 f 	26185.809425	0.002000	13
X2Pi 1.5 8 3.5 f 	24093.563050	0.002100	25
X2Pi 0.5 9 0.5 e 	26316.481709	0.002000	7
X2Pi 0.5 8 5.5 e 	24559.128737	0.002213	19
X2Pi 0.5 9 0.5 f 	26316.555998	0.002000	11
X2Pi 0.5 8 5.5 f 	24559.034344	0.002343	19
X2Pi 1.5 9 10.5 e 	27510.949520	0.002000	9
X2Pi 1.5 9 11.5 e 	27769.578071	0.002000	6
X2Pi 1.5 9 12.5 e 	28049.312290	0.002000	7
X2Pi 1.5 8 12.5 e 	25932.682243	0.002000	11
X2Pi 1.5 9 13.5 e 	28349.647619	0.002000	4
X2Pi 1.5 9 6.5 f 	26696.330950	0.002156	18
X2Pi 1.5 9 7.5 f 	26866.956687	0.002000	17
X2Pi 1.5 9 8.5 f 	27060.151253	0.002000	9
X2Pi 1.5 9 9.5 f 	27275.649394	0.002000	8
X2Pi 1.5 9 10.5 f 	27513.119824	0.002000	10
X2Pi 1.5 9 11.5 f 	27772.169432	0.002000	6
X2Pi 1.5 8 12.5 f 	25936.175924	0.002000	8
X2Pi 1.5 9 13.5 f 	28353.140292	0.002000	5
X2Pi 0.5 8 0.5 e 	24080.351815	0.002000	11
X2Pi 0.5 9 6.5 e 	26929.605911	0.002378	14
X2Pi 0.5 8 6.5 e 	24733.884804	0.002200	18
X2Pi 0.5 9 7.5 e 	27117.238190	0.002000	10
X2Pi 0.5 9 8.5 e 	27328.049655	0.002000	8
X2Pi 0.5 9 9.5 e 	27561.538710	0.002000	7
X2Pi 0.5 9 10.5 e 	27817.180600	0.002000	6
X2Pi 0.5 8 0.5 f 	24080.440226	0.002000	15
X2Pi 0.5 9 7.5 f 	27116.741670	0.002507	11
X2Pi 0.5 9 8.5 f 	27327.290969	0.002000	8
X2Pi 0.5 9 9.5 f 	27560.481737	0.002500	7
X2Pi 0.5 9 10.5 f 	27815.794438	0.002000	7
X2Pi 0.5 10 2.5 e 	28461.145805	0.003653	5
X2Pi 0.5 10 3.5 e 	28545.064351	0.005905	5
X2Pi 0.5 10 4.5 e 	28652.246899	0.004307	5
X2Pi 0.5 10 5.5 e 	28782.300333	0.002700	4
X2Pi 0.5 10 6.5 e 	28934.758942	0.003438	5
X2Pi 0.5 10 7.5 e 	29109.147692	0.002878	5
X2Pi 1.5 10 2.5 e 	28286.850355	0.002500	5
X2Pi 1.5 10 3.5 e 	28360.841563	0.004939	4
X2Pi 1.5 10 4.5 e 	28456.130124	0.003465	4
X2Pi 1.5 10 5.5 e 	28572.695806	0.002773	3
X2Pi 1.5 10 6.5 e 	28710.471483	0.002500	3
X2Pi 1.5 10 7.5 e 	28869.312188	0.003776	4
X2Pi 1.5 10 8.5 e 	29049.000694	0.002500	2
X2Pi 1.5 10 9.5 e 	29249.240922	0.002500	3
X2Pi 1.5 10 10.5 e 	29469.683856	0.003000	1
X2Pi 1.5 10 11.5 e 	29709.893820	0.002500	1
X2Pi 1.5 10 2.5 f 	28286.908174	0.002683	5
X2Pi 1.5 10 3.5 f 	28360.997626	0.003437	4
X2Pi 1.5 10 4.5 f 	28456.410862	0.004298	7
X2Pi 1.5 10 5.5 f 	28573.143691	0.003206	4
X2Pi 1.5 10 6.5 f 	28711.126408	0.007387	4
X2Pi 1.5 10 7.5 f 	28870.211233	0.002500	3
X2Pi 1.5 10 8.5 f 	29050.174770	0.002888	3
X2Pi 1.5 10 9.5 f 	29250.725630	0.004742	2
X2Pi 1.5 10 10.5 f 	29471.459494	0.002500	1
X2Pi 1.5 10 11.5 f 	29712.064123	0.052000	2
X2Pi 0.5 10 2.5 f 	28461.252535	0.007071	3
X2Pi 0.5 10 3.5 f 	28545.130035	0.004737	4
X2Pi 0.5 10 4.5 f 	28652.250593	0.003347	3
X2Pi 0.5 10 5.5 f 	28782.175834	0.004279	4
X2Pi 0.5 10 6.5 f 	28934.481464	0.002843	4
X2Pi 0.5 10 7.5 f 	29108.678696	0.008649	4
X2Pi 1.5 5 16.5 e 	20175.380596	0.002000	19
X2Pi 1.5 5 17.5 e 	20653.239875	0.002000	15
X2Pi 1.5 5 16.5 f 	20183.129444	0.002000	18
X2Pi 1.5 5 17.5 f 	20661.810189	0.002000	15
X2Pi 0.5 5 15.5 e 	20211.892329	0.002000	17
X2Pi 0.5 5 16.5 e 	20689.171216	0.002000	18
X2Pi 0.5 5 15.5 f 	20206.846742	0.002000	18
X2Pi 0.5 5 16.5 f 	20683.436530	0.002000	17
X2Pi 1.5 6 12.5 e 	21157.632308	0.002000	16
X2Pi 1.5 6 14.5 e 	21899.429224	0.002000	14
X2Pi 1.5 6 15.5 e 	22306.939224	0.002000	13
X2Pi 1.5 6 16.5 e 	22738.092473	0.002000	13
X2Pi 1.5 6 17.5 e 	23192.265013	0.002000	11
X2Pi 1.5 4 19.5 e 	19024.758272	0.002500	1
X2Pi 1.5 6 18.5 e 	23668.794472	0.002000	11
X2Pi 1.5 6 11.5 f 	20828.066047	0.002000	16
X2Pi 1.5 6 12.5 f 	21161.945166	0.002000	17
X2Pi 1.5 6 13.5 f 	21521.123199	0.002000	15
X2Pi 1.5 6 14.5 f 	21905.097432	0.002000	13
X2Pi 1.5 6 15.5 f 	22313.321342	0.002000	14
X2Pi 1.5 6 16.5 f 	22745.206741	0.002000	15
X2Pi 1.5 6 17.5 f 	23200.125382	0.002000	12
X2Pi 0.5 6 0.5 e 	19081.594963	0.002000	16
X2Pi 0.5 6 13.5 e 	21938.348701	0.002000	16
X2Pi 0.5 6 14.5 e 	22344.737119	0.002000	14
X2Pi 0.5 6 15.5 e 	22775.003967	0.002000	13
X2Pi 0.5 4 19.5 e 	19634.539033	0.302500	1
X2Pi 0.5 6 18.5 e 	24202.304733	0.002000	11
X2Pi 0.5 6 15.5 f 	22770.367573	0.002000	14
X2Pi 0.5 6 16.5 f 	23223.223123	0.002000	14
X2Pi 0.5 6 17.5 f 	23698.587620	0.002000	13
X2Pi 0.5 4 19.5 f 	19625.835463	0.002500	2
X2Pi 0.5 6 18.5 f 	24195.739263	0.002000	10
X2Pi 1.5 7 11.5 e 	23316.262207	0.002000	13
X2Pi 1.5 7 12.5 e 	23632.445551	0.002000	11
X2Pi 1.5 7 13.5 e 	23972.442463	0.002000	12
X2Pi 1.5 7 14.5 e 	24335.745554	0.002000	11
X2Pi 1.5 7 15.5 e 	24721.801605	0.002000	10
X2Pi 1.5 7 16.5 e 	25130.014241	0.002000	12
X2Pi 1.5 5 18.5 e 	21154.880724	0.002000	13
X2Pi 1.5 7 17.5 e 	25559.744275	0.002000	9
X2Pi 1.5 5 19.5 e 	21679.628942	0.002500	1
X2Pi 1.5 7 18.5 e 	26010.311542	0.002000	8
X2Pi 1.5 7 1.5 f 	21536.226423	0.002458	20
X2Pi 1.5 7 11.5 f 	23319.607704	0.002000	12
X2Pi 1.5 7 12.5 f 	23636.366024	0.002000	11
X2Pi 1.5 7 13.5 f 	23976.964992	0.002000	13
X2Pi 1.5 7 14.5 f 	24340.892625	0.002000	12
X2Pi 1.5 7 15.5 f 	24727.591310	0.002000	11
X2Pi 1.5 7 16.5 f 	25136.460089	0.002000	10
X2Pi 1.5 5 18.5 f 	21164.285900	0.002000	13
X2Pi 1.5 7 17.5 f 	25566.855394	0.002000	7
X2Pi 1.5 5 19.5 f 	21689.864197	0.002500	1
X2Pi 1.5 7 18.5 f 	26018.092297	0.002000	9
X2Pi 0.5 7 0.5 e 	21666.391122	0.002000	10
X2Pi 0.5 7 14.5 e 	24760.188238	0.002000	10
X2Pi 0.5 7 15.5 e 	25167.403313	0.002000	10
X2Pi 0.5 5 17.5 e 	21190.398520	0.002000	14
X2Pi 0.5 7 16.5 e 	25596.334393	0.002000	10
X2Pi 0.5 5 18.5 e 	21714.859089	0.002000	13
X2Pi 0.5 7 17.5 e 	26046.270047	0.002848	8
X2Pi 0.5 7 0.5 f 	21666.491554	0.002000	14
X2Pi 0.5 7 10.5 f 	23359.798162	0.002000	12
X2Pi 0.5 7 11.5 f 	23673.275789	0.002000	11
X2Pi 0.5 7 13.5 f 	24372.222317	0.002000	12
X2Pi 0.5 7 14.5 f 	24756.513315	0.002000	11
X2Pi 0.5 7 15.5 f 	25163.176801	0.002000	11
X2Pi 1.5 6 13.5 e 	21516.146131	0.002000	15
X2Pi 0.5 8 11.5 e 	25976.674893	0.002000	9
X2Pi 0.5 8 11.5 f 	25974.728747	0.002000	7
X2Pi 0.5 8 12.5 f 	26293.065408	0.002000	8
X2Pi 1.5 9 12.5 f 	28052.345958	0.002000	4
X2Pi 0.5 9 11.5 e 	28094.419626	0.002000	4
X2Pi 1.5 10 1.5 e 	28234.069746	0.002692	3
X2Pi 1.5 10 1.5 f 	28234.083512	0.002569	1
X2Pi 0.5 10 0.5 e 	28364.627677	0.002500	3
X2Pi 0.5 10 1.5 e 	28400.900552	0.004970	3
X2Pi 0.5 10 8.5 e 	29304.982478	0.002500	2
X2Pi 0.5 10 9.5 e 	29521.733304	0.002500	4
X2Pi 0.5 10 0.5 f 	28364.677782	0.002500	2
X2Pi 0.5 10 1.5 f 	28400.991381	0.002500	2
X2Pi 0.5 10 8.5 f 	29304.289277	0.002500	3
X2Pi 0.5 10 9.5 f 	29520.768036	0.002500	1
X2Pi 0.5 8 12.5 e 	26295.442342	0.002000	7
X2Pi 0.5 4 23.5 f 	22142.572033	0.055919	1
X2Pi 0.5 4 24.5 f 	22823.173033	0.053919	4
X2Pi 0.5 4 25.5 f 	23522.543025	0.055919	2
X2Pi 0.5 4 26.5 f 	24239.739017	0.057103	2
X2Pi 0.5 4 27.5 f 	24973.788009	0.055103	3
X2Pi 0.5 4 28.5 f 	25723.670009	0.057103	1
X2Pi 0.5 4 21.5 e 	20851.457104	0.055000	1
X2Pi 0.5 4 22.5 e 	21492.593104	0.053000	3
X2Pi 0.5 4 23.5 e 	22154.298095	0.055000	3
X2Pi 0.5 4 24.5 e 	22835.684086	0.053200	3
X2Pi 0.5 4 25.5 e 	23535.818095	0.054103	3
X2Pi 0.5 4 26.5 e 	24253.763085	0.056103	2
X2Pi 0.5 4 27.5 e 	24988.521074	0.055200	3
X2Pi 0.5 4 28.5 e 	25739.098079	0.057103	2
X2Pi 1.5 4 22.5 f 	20829.977550	0.057919	1
X2Pi 1.5 4 23.5 f 	21471.836550	0.055919	3
X2Pi 1.5 4 24.5 f 	22134.198550	0.053919	2
X2Pi 1.5 4 25.5 f 	22816.181245	0.056103	1
X2Pi 1.5 4 26.5 f 	23516.861245	0.054103	3
X2Pi 1.5 4 27.5 f 	24235.300234	0.056103	2
X2Pi 1.5 4 28.5 f 	24970.508223	0.058103	2
X2Pi 1.5 4 29.5 f 	25721.489212	0.057103	2
X2Pi 1.5 4 30.5 f 	26487.208100	0.064103	1
X2Pi 1.5 4 31.5 f 	27266.587100	0.062103	2
X2Pi 1.5 4 32.5 f 	28058.524100	0.060103	2
X2Pi 1.5 4 22.5 e 	20816.151350	0.065200	1
X2Pi 1.5 4 23.5 e 	21457.096350	0.063200	2
X2Pi 1.5 4 24.5 e 	22118.568350	0.061200	2
X2Pi 1.5 4 25.5 e 	22799.667350	0.059200	2
X2Pi 1.5 4 26.5 e 	23499.490350	0.057200	2
X2Pi 1.5 4 27.5 e 	24217.100350	0.055200	4
X2Pi 1.5 4 28.5 e 	24951.528350	0.057200	2
X2Pi 1.5 4 29.5 e 	25701.767350	0.059200	1
A2Sigma 1.5 0 13.5 e 	35462.017844	0.001500	41
A2Sigma 1.5 0 14.5 e 	35914.878666	0.002500	42
A2Sigma 1.5 0 12.5 e 	35038.689179	0.002500	42
A2Sigma 1.5 0 15.5 e 	36396.616416	0.001500	41
A2Sigma 1.5 0 11.5 e 	34645.505922	0.002500	42
A2Sigma 1.5 0 16.5 e 	36906.534165	0.001609	39
A2Sigma 1.5 0 10.5 e 	34283.037757	0.002500	42
A2Sigma 1.5 0 17.5 e 	37443.894675	0.002500	39
A2Sigma 1.5 0 9.5 e 	33951.810616	0.002500	42
A2Sigma 1.5 0 8.5 e 	33652.305270	0.002500	44
A2Sigma 1.5 0 7.5 e 	33384.957039	0.002483	44
A2Sigma 1.5 0 6.5 e 	33150.154688	0.002251	45
A2Sigma 1.5 0 5.5 e 	32948.239963	0.002100	46
A2Sigma 1.5 0 4.5 e 	32779.506910	0.002182	47
A2Sigma 1.5 0 3.5 e 	32644.201502	0.001994	47
A2Sigma 1.5 1 14.5 e 	38728.522971	0.001500	47
A2Sigma 1.5 1 13.5 e 	38298.933383	0.001500	47
X2Pi 0.5 6 16.5 e 	23228.488495	0.002000	12
A2Sigma 1.5 1 15.5 e 	39185.337621	0.001500	45
A2Sigma 1.5 1 12.5 e 	37897.224436	0.001500	47
X2Pi 0.5 6 17.5 e 	23704.497364	0.002000	9
A2Sigma 1.5 1 16.5 e 	39668.678901	0.001500	43
A2Sigma 1.5 1 11.5 e 	37524.008831	0.001500	47
A2Sigma 1.5 0 2.5 e 	32542.520906	0.002094	45
A2Sigma 1.5 1 17.5 e 	40177.806628	0.001500	42
A2Sigma 1.5 1 10.5 e 	37179.855019	0.001500	47
A2Sigma 1.5 1 9.5 e 	36865.287240	0.001500	47
A2Sigma 1.5 0 1.5 e 	32474.613729	0.001685	39
A2Sigma 1.5 1 8.5 e 	36580.784231	0.001500	47
A2Sigma 1.5 1 7.5 e 	36326.779150	0.001500	49
A2Sigma 0.5 0 5.5 f 	33148.698013	0.002182	45
A2Sigma 0.5 0 6.5 f 	33383.281193	0.002100	44
A2Sigma 0.5 0 4.5 f 	32947.004270	0.001994	48
A2Sigma 0.5 0 7.5 f 	33650.412366	0.002500	42
A2Sigma 0.5 0 3.5 f 	32778.493740	0.002094	48
A2Sigma 1.5 0 0.5 e 	32440.578563	0.002196	21
A2Sigma 0.5 0 8.5 f 	33949.702993	0.002500	42
A2Sigma 1.5 1 6.5 e 	36103.658533	0.001817	49
A2Sigma 0.5 0 2.5 f 	32643.412218	0.001778	48
A2Sigma 0.5 0 9.5 f 	34280.718105	0.001500	41
A2Sigma 0.5 0 1.5 f 	32541.956373	0.002094	38
A2Sigma 0.5 0 10.5 f 	34642.977125	0.002500	42
A2Sigma 0.5 0 0.5 f 	32474.274744	0.002000	25
A2Sigma 1.5 1 5.5 e 	35911.761989	0.001692	50
A2Sigma 0.5 0 11.5 f 	35035.954402	0.002500	42
A2Sigma 0.5 0 12.5 f 	35459.080478	0.002500	42
A2Sigma 1.5 1 4.5 e 	35751.381541	0.001562	51
A2Sigma 0.5 0 13.5 f 	35911.742349	0.002500	42
A2Sigma 1.5 1 3.5 e 	35622.761414	0.001994	52
A2Sigma 1.5 2 14.5 e 	41344.413833	0.001500	48
A2Sigma 1.5 2 13.5 e 	40938.411309	0.001500	48
A2Sigma 1.5 2 15.5 e 	41775.991799	0.001500	48
A2Sigma 1.5 2 12.5 e 	40558.626152	0.001500	48
A2Sigma 0.5 0 14.5 f 	36393.285038	0.001500	41
A2Sigma 1.5 2 11.5 e 	40205.661048	0.001500	49
A2Sigma 1.5 2 10.5 e 	39880.077405	0.001500	49
A2Sigma 1.5 1 2.5 e 	35526.097273	0.002094	51
A2Sigma 0.5 0 15.5 f 	36903.011807	0.001500	41
A2Sigma 1.5 2 9.5 e 	39582.394714	0.001500	48
A2Sigma 1.5 2 8.5 e 	39313.088781	0.001500	49
A2Sigma 1.5 1 1.5 e 	35461.536596	0.001718	45
X2Pi 0.5 5 17.5 f 	21183.955596	0.002000	12
A2Sigma 0.5 0 16.5 f 	37440.185673	0.001500	39
A2Sigma 1.5 2 7.5 e 	39072.591151	0.001567	51
A2Sigma 1.5 2 6.5 e 	38861.287821	0.001839	51
A2Sigma 0.5 1 6.5 f 	36325.170918	0.001500	49
A2Sigma 0.5 1 5.5 f 	36102.260696	0.001577	51
A2Sigma 0.5 1 4.5 f 	35910.576246	0.001558	50
A2Sigma 0.5 1 7.5 f 	36578.967620	0.001500	48
X2Pi 0.5 5 18.5 f 	21707.692881	0.002000	14
A2Sigma 0.5 0 17.5 f 	38004.029836	0.001500	37
A2Sigma 1.5 0 18.5 e 	38007.920955	0.001609	28
A2Sigma 0.5 1 3.5 f 	35750.409362	0.001679	52
A2Sigma 0.5 1 8.5 f 	36863.264499	0.001500	47
A2Sigma 1.5 1 0.5 e 	35429.177176	0.002196	24
A2Sigma 0.5 1 2.5 f 	35622.004081	0.001500	53
A2Sigma 0.5 1 9.5 f 	37177.628755	0.001500	47
A2Sigma 0.5 1 1.5 f 	35525.555617	0.002094	42
A2Sigma 1.5 2 5.5 e 	38679.518453	0.001761	52
A2Sigma 0.5 1 10.5 f 	37521.581837	0.001500	47
A2Sigma 0.5 1 0.5 f 	35461.211352	0.002000	27
A2Sigma 0.5 1 11.5 f 	37894.599801	0.001500	47
A2Sigma 1.5 2 4.5 e 	38527.575630	0.001592	52
A2Sigma 0.5 1 12.5 f 	38296.114449	0.001500	47
X2Pi 0.5 8 15.5 e 	27381.689702	0.002000	7
A2Sigma 1.5 3 14.5 e 	43754.777153	0.001500	54
X2Pi 0.5 8 16.5 e 	27784.858153	0.002000	7
A2Sigma 1.5 3 15.5 e 	44159.671696	0.001500	54
X2Pi 0.5 8 14.5 e 	26998.599313	0.002000	6
A2Sigma 1.5 3 13.5 e 	43373.516147	0.001500	54
X2Pi 0.5 8 17.5 e 	28207.356911	0.002000	6
A2Sigma 1.5 3 16.5 e 	44587.456395	0.001500	52
X2Pi 0.5 8 13.5 e 	26636.294078	0.002000	6
A2Sigma 1.5 3 12.5 e 	43016.582235	0.001500	54
X2Pi 0.5 6 14.5 f 	22340.709905	0.002000	12
A2Sigma 0.5 1 13.5 f 	38725.513349	0.001500	46
X2Pi 0.5 8 18.5 e 	28648.396549	0.002000	6
A2Sigma 1.5 3 17.5 e 	45037.338511	0.001500	52
A2Sigma 1.5 3 11.5 e 	42684.619764	0.001500	54
A2Sigma 1.5 2 3.5 e 	38405.704348	0.001655	53
A2Sigma 1.5 3 10.5 e 	42378.223165	0.001500	54
A2Sigma 0.5 1 14.5 f 	39182.141203	0.001500	47
A2Sigma 1.5 3 9.5 e 	42097.937664	0.001500	54
A2Sigma 1.5 2 2.5 e 	38314.101179	0.001576	50
A2Sigma 1.5 3 8.5 e 	41844.258654	0.001500	54
A2Sigma 0.5 1 15.5 f 	39665.299821	0.001500	45
A2Sigma 1.5 3 7.5 e 	41617.632169	0.001590	54
A2Sigma 1.5 2 1.5 e 	38252.914440	0.001500	44
A2Sigma 0.5 1 16.5 f 	40174.249314	0.001500	44
A2Sigma 1.5 3 6.5 e 	41418.454652	0.001873	54
A2Sigma 0.5 2 6.5 f 	39071.069309	0.001500	50
A2Sigma 0.5 2 5.5 f 	38859.952593	0.001659	51
A2Sigma 0.5 2 7.5 f 	39311.388400	0.001500	51
A2Sigma 0.5 2 4.5 f 	38678.376792	0.001613	51
A2Sigma 0.5 2 8.5 f 	39580.524926	0.001500	49
A2Sigma 0.5 2 3.5 f 	38526.633455	0.001500	53
A2Sigma 1.5 2 0.5 e 	38222.242683	0.001500	25
A2Sigma 0.5 1 17.5 f 	40708.208228	0.001500	42
A2Sigma 1.5 3 5.5 e 	41247.072923	0.001836	54
A2Sigma 1.5 1 18.5 e 	40711.939090	0.001500	32
A2Sigma 0.5 2 9.5 f 	39878.048493	0.001500	48
A2Sigma 0.5 2 2.5 f 	38404.966578	0.001500	52
A2Sigma 0.5 2 1.5 f 	38313.571464	0.001500	43
A2Sigma 0.5 2 10.5 f 	40203.484306	0.001500	48
X2Pi 0.5 9 15.5 e 	29406.973021	0.002000	4
A2Sigma 1.5 4 14.5 e 	45946.686578	0.001500	60
X2Pi 0.5 9 16.5 e 	29782.553325	0.002000	3
A2Sigma 1.5 4 15.5 e 	46323.348771	0.001500	60
A2Sigma 0.5 2 0.5 f 	38252.595552	0.001500	27
X2Pi 0.5 9 14.5 e 	29049.633758	0.002000	4
A2Sigma 1.5 4 13.5 e 	45591.649280	0.001500	60
A2Sigma 1.5 3 4.5 e 	41103.784233	0.001765	54
X2Pi 0.5 9 17.5 e 	30175.566768	0.002000	3
A2Sigma 1.5 4 16.5 e 	46720.864370	0.001500	60
A2Sigma 0.5 2 11.5 f 	40556.313962	0.001500	48
X2Pi 0.5 9 13.5 e 	28711.294190	0.002000	3
A2Sigma 1.5 4 12.5 e 	45258.956677	0.001500	60
X2Pi 0.5 9 18.5 e 	30585.153916	0.002000	3
A2Sigma 1.5 4 17.5 e 	47138.410658	0.001500	60
X2Pi 0.5 9 12.5 e 	28392.666738	0.002000	3
A2Sigma 1.5 4 11.5 e 	44949.277465	0.001500	61
A2Sigma 0.5 2 12.5 f 	40935.977124	0.001500	48
A2Sigma 1.5 4 10.5 e 	44663.228566	0.001500	60
A2Sigma 1.5 3 3.5 e 	40988.836423	0.001738	54
A2Sigma 1.5 4 9.5 e 	44401.375833	0.001500	61
A2Sigma 0.5 2 13.5 f 	41341.872183	0.001500	48
A2Sigma 1.5 4 8.5 e 	44164.233355	0.001500	61
A2Sigma 0.5 2 14.5 f 	41773.358296	0.001500	48
A2Sigma 1.5 3 2.5 e 	40902.427558	0.001625	53
A2Sigma 1.5 4 7.5 e 	43952.264088	0.001623	62
X2Pi 0.5 7 16.5 f 	25591.540610	0.002000	10
A2Sigma 0.5 2 15.5 f 	42229.756280	0.001500	48
A2Sigma 1.5 2 16.5 e 	42232.464954	0.001500	34
A2Sigma 1.5 4 6.5 e 	43765.879408	0.001965	63
A2Sigma 1.5 3 1.5 e 	40844.706599	0.001500	45
A2Sigma 1.5 4 5.5 e 	43605.439301	0.001943	62
A2Sigma 0.5 3 6.5 f 	41616.162534	0.001634	54
A2Sigma 0.5 3 5.5 f 	41417.180982	0.001753	54
A2Sigma 0.5 3 7.5 f 	41842.593030	0.001500	54
A2Sigma 0.5 3 4.5 f 	41245.995196	0.001680	54
A2Sigma 0.5 3 8.5 f 	42096.076052	0.001500	54
A2Sigma 0.5 3 3.5 f 	41102.902444	0.001500	54
A2Sigma 1.5 3 0.5 e 	40815.772117	0.001500	26
A2Sigma 0.5 3 9.5 f 	42376.165617	0.001500	54
A2Sigma 0.5 3 2.5 f 	40988.150652	0.001500	54
A2Sigma 1.5 4 4.5 e 	43471.252277	0.001843	66
A2Sigma 0.5 3 10.5 f 	42682.366259	0.001500	54
A2Sigma 0.5 3 1.5 f 	40901.937682	0.001500	44
A2Sigma 0.5 3 11.5 f 	43014.132781	0.001500	54
A2Sigma 0.5 3 0.5 f 	40844.412688	0.001500	27
X2Pi 0.5 8 13.5 f 	26633.462850	0.002000	6
A2Sigma 0.5 3 12.5 f 	43370.870740	0.001500	54
A2Sigma 1.5 4 3.5 e 	43363.575463	0.001824	65
X2Pi 0.5 8 14.5 f 	26995.294106	0.002000	8
A2Sigma 0.5 3 13.5 f 	43751.935789	0.001500	54
X2Pi 1.5 8 13.5 e 	26253.420944	0.002000	8
A2Sigma 1.5 4 2.5 e 	43282.614506	0.001699	64
X2Pi 1.5 8 14.5 e 	26595.906853	0.002000	6
X2Pi 0.5 8 15.5 f 	27377.895342	0.002000	8
A2Sigma 0.5 3 14.5 f 	44156.634382	0.001500	54
X2Pi 1.5 8 15.5 e 	26959.564598	0.002000	6
X2Pi 0.5 8 16.5 f 	27780.563474	0.002000	6
A2Sigma 0.5 3 15.5 f 	44584.223112	0.001500	54
A2Sigma 1.5 4 1.5 e 	43228.523931	0.001500	55
X2Pi 1.5 8 16.5 e 	27343.771476	0.002000	6
X2Pi 0.5 8 17.5 f 	28202.555118	0.002000	7
A2Sigma 0.5 3 16.5 f 	45033.909272	0.001500	52
A2Sigma 0.5 4 6.5 f 	43950.865715	0.001732	62
A2Sigma 0.5 4 5.5 f 	43764.667529	0.001850	63
A2Sigma 0.5 4 7.5 f 	44162.648509	0.001500	62
A2Sigma 0.5 4 4.5 f 	43604.413856	0.001773	63
A2Sigma 0.5 4 8.5 f 	44399.604511	0.001500	62
X2Pi 1.5 8 17.5 e 	27747.857522	0.002000	8
A2Sigma 0.5 4 3.5 f 	43470.413256	0.001609	63
A2Sigma 0.5 4 9.5 f 	44661.270823	0.001500	61
A2Sigma 1.5 4 0.5 e 	43201.406096	0.001500	31
A2Sigma 0.5 4 2.5 f 	43362.922966	0.001500	62
X2Pi 0.5 9 11.5 f 	28092.675870	0.002000	4
A2Sigma 0.5 4 10.5 f 	44947.133267	0.001500	60
A2Sigma 0.5 4 1.5 f 	43282.148394	0.001500	53
X2Pi 0.5 8 18.5 f 	28643.084908	0.002000	6
A2Sigma 0.5 3 17.5 f 	45504.850407	0.001500	52
A2Sigma 1.5 3 18.5 e 	45508.475591	0.001500	40
X2Pi 0.5 9 12.5 f 	28390.541536	0.002000	4
A2Sigma 0.5 4 11.5 f 	45256.626035	0.001500	60
X2Pi 1.5 8 18.5 e 	28171.106178	0.002000	7
A2Sigma 0.5 4 0.5 f 	43228.244285	0.001500	31
A2Sigma 0.5 0 18.5 f 	38593.728886	0.001500	29
X2Pi 0.5 9 13.5 f 	28708.768157	0.002000	3
A2Sigma 0.5 4 12.5 f 	45589.132188	0.001500	61
A2Sigma 1.5 0 19.5 e 	38597.797380	0.002102	23
X2Pi 0.5 9 14.5 f 	29046.691228	0.002000	3
A2Sigma 0.5 4 13.5 f 	45943.983036	0.001500	60
X2Pi 0.5 9 15.5 f 	29403.602683	0.002000	3
A2Sigma 0.5 4 14.5 f 	46320.458782	0.001500	60
X2Pi 1.5 9 14.5 e 	28670.024894	0.002000	5
X2Pi 1.5 9 15.5 e 	29009.830546	0.002000	3
X2Pi 0.5 9 16.5 f 	29778.747731	0.002000	4
A2Sigma 0.5 4 15.5 f 	46717.787920	0.001500	60
X2Pi 1.5 9 16.5 e 	29368.397130	0.002000	4
X2Pi 0.5 9 17.5 f 	30171.322666	0.002000	4
A2Sigma 0.5 4 16.5 f 	47135.147755	0.001500	60
X2Pi 1.5 9 17.5 e 	29745.002498	0.002000	3
X2Pi 0.5 9 18.5 f 	30580.471913	0.002000	3
A2Sigma 0.5 4 17.5 f 	47571.663978	0.001500	60
A2Sigma 1.5 4 18.5 e 	47575.113324	0.001500	40
X2Pi 1.5 9 18.5 e 	30138.869256	0.002000	3
X2Pi 1.5 6 18.5 f 	23677.410159	0.002000	10
A2Sigma 0.5 1 18.5 f 	41266.354378	0.001500	32
A2Sigma 1.5 1 19.5 e 	41270.253838	0.001500	24
X2Pi 1.5 8 13.5 f 	26257.448035	0.002000	6
A2Sigma 0.5 2 16.5 f 	42710.350734	0.001500	34
A2Sigma 1.5 2 17.5 e 	42713.116818	0.001500	20
X2Pi 1.5 8 14.5 f 	26600.484618	0.002000	6
X2Pi 1.5 8 15.5 f 	26964.706193	0.002000	7
X2Pi 1.5 8 16.5 f 	27349.485276	0.002000	8
X2Pi 1.5 9 14.5 f 	28673.988981	0.002000	3
X2Pi 1.5 8 17.5 f 	27754.147515	0.002000	6
X2Pi 1.5 9 15.5 f 	29014.274083	0.002000	3
X2Pi 1.5 8 18.5 f 	28177.971626	0.002000	6
X2Pi 1.5 9 16.5 f 	29373.323460	0.002000	3
A2Sigma 0.5 3 18.5 f 	45996.154647	0.001500	40
A2Sigma 1.5 3 19.5 e 	45999.975777	0.001500	26
X2Pi 1.5 9 17.5 f 	29750.410623	0.002000	3
X2Pi 1.5 9 18.5 f 	30144.753573	0.002000	3
A2Sigma 0.5 4 18.5 f 	48026.410986	0.001500	40
A2Sigma 1.5 4 19.5 e 	48030.046773	0.001500	20
A2Sigma 0.5 0 19.5 f 	39208.429438	0.002169	23
A2Sigma 0.5 2 17.5 f 	43214.391352	0.001500	20
A2Sigma 0.5 1 19.5 f 	41847.825065	0.001500	24
A2Sigma 0.5 3 19.5 f 	46506.880441	0.001500	26
A2Sigma 0.5 4 19.5 f 	48498.411655	0.001500	20
X2Pi 0.5 7 18.5 e 	26516.463590	0.002000	6
X2Pi 0.5 7 17.5 f 	26040.897848	0.002000	6
X2Pi 0.5 7 18.5 f 	26510.505956	0.002000	8
A2Sigma 1.5 0 26.5 e 	43374.439069	0.002500	16
A2Sigma 1.5 0 25.5 e 	42629.547075	0.002500	16
A2Sigma 1.5 0 24.5 e 	41903.771552	0.002500	18
A2Sigma 1.5 0 23.5 e 	41198.180403	0.002500	18
A2Sigma 1.5 0 22.5 e 	40513.807025	0.002500	16
A2Sigma 1.5 0 21.5 e 	39851.649297	0.002500	17
A2Sigma 1.5 0 20.5 e 	39212.670472	0.001929	16
A2Sigma 0.5 0 26.5 f 	44132.048907	0.001782	16
A2Sigma 1.5 0 27.5 e 	44137.345000	0.002782	14
A2Sigma 0.5 0 25.5 f 	43369.276466	0.001500	16
A2Sigma 0.5 0 24.5 f 	42624.523856	0.001934	16
A2Sigma 0.5 0 23.5 f 	41898.893632	0.002358	16
A2Sigma 0.5 0 22.5 f 	41193.453455	0.002500	17
A2Sigma 0.5 0 21.5 f 	40509.236654	0.002300	15
A2Sigma 0.5 0 20.5 f 	39847.240980	0.002290	16
A2Sigma 1.5 3 24.5 e 	48728.237023	0.003700	12
A2Sigma 1.5 3 23.5 e 	48150.034493	0.003419	12
A2Sigma 0.5 0 27.5 f 	44911.703659	0.002138	14
A2Sigma 1.5 0 28.5 e 	44917.127108	0.003112	12
A2Sigma 1.5 3 22.5 e 	47586.992229	0.002700	12
A2Sigma 1.5 0 34.5 e 	49881.947059	0.005689	6
A2Sigma 1.5 3 21.5 e 	47040.249900	0.002500	12
A2Sigma 1.5 3 20.5 e 	46510.897467	0.002500	12
A2Sigma 0.5 3 24.5 f 	49315.413475	0.003603	12
A2Sigma 1.5 3 25.5 e 	49320.410333	0.004419	8
A2Sigma 1.5 0 33.5 e 	49026.844007	0.006138	6
A2Sigma 0.5 3 23.5 f 	48723.436070	0.002700	12
A2Sigma 1.5 0 32.5 e 	48181.012468	0.004689	6
A2Sigma 0.5 3 22.5 f 	48145.429547	0.003419	12
A2Sigma 1.5 0 31.5 e 	47345.820837	0.005138	6
A2Sigma 0.5 3 21.5 f 	47582.583203	0.002500	12
A2Sigma 0.5 0 28.5 f 	45707.067952	0.002782	11
A2Sigma 1.5 1 26.5 e 	45778.035170	0.002112	12
A2Sigma 1.5 0 30.5 e 	46522.592533	0.003689	7
A2Sigma 0.5 3 20.5 f 	47036.036862	0.002500	12
A2Sigma 0.5 3 25.5 f 	49920.123254	0.003700	8
A2Sigma 1.5 3 26.5 e 	49925.316079	0.004700	4
A2Sigma 1.5 1 25.5 e 	45076.846038	0.001782	12
A2Sigma 1.5 0 29.5 e 	45712.612776	0.003848	9
A2Sigma 0.5 0 34.5 f 	50738.771434	0.006138	6
A2Sigma 1.5 0 35.5 e 	50744.911897	0.007138	4
A2Sigma 1.5 1 24.5 e 	44392.958628	0.001500	12
A2Sigma 0.5 0 33.5 f 	49875.890094	0.005199	6
A2Sigma 1.5 1 23.5 e 	43727.476330	0.001500	12
A2Sigma 1.5 1 22.5 e 	43081.462097	0.001500	14
A2Sigma 0.5 0 32.5 f 	49020.876781	0.005138	6
A2Sigma 1.5 1 21.5 e 	42455.938314	0.001500	13
A2Sigma 0.5 0 31.5 f 	48175.141495	0.004199	6
A2Sigma 0.5 1 26.5 f 	46490.343643	0.001782	12
A2Sigma 1.5 1 27.5 e 	46495.381242	0.001782	8
A2Sigma 0.5 3 26.5 f 	50536.276609	0.004603	4
A2Sigma 1.5 1 20.5 e 	41851.888010	0.001500	16
A2Sigma 0.5 1 25.5 f 	45773.116878	0.001500	12
A2Sigma 0.5 0 30.5 f 	47340.052237	0.004591	6
A2Sigma 0.5 1 24.5 f 	45072.054107	0.001500	12
A2Sigma 0.5 0 29.5 f 	46516.932764	0.003138	7
A2Sigma 0.5 1 23.5 f 	44388.299938	0.001500	12
A2Sigma 1.5 2 18.5 e 	43217.196006	0.002500	4
A2Sigma 0.5 0 35.5 f 	51608.059405	0.006199	4
A2Sigma 1.5 0 36.5 e 	51614.277058	0.006689	2
A2Sigma 0.5 1 22.5 f 	43722.957386	0.001500	12
A2Sigma 0.5 1 21.5 f 	43077.089226	0.001500	12
A2Sigma 0.5 1 20.5 f 	42451.717573	0.001500	16
A2Sigma 0.5 1 27.5 f 	47222.547515	0.002138	8
A2Sigma 1.5 1 28.5 e 	47227.697028	0.002138	4
A2Sigma 0.5 2 18.5 f 	43741.095037	0.002500	4
A2Sigma 1.5 2 19.5 e 	43743.918308	0.002500	2
A2Sigma 0.5 0 36.5 f 	52482.245257	0.007138	2
A2Sigma 0.5 2 19.5 f 	44289.647737	0.003570	2
A2Sigma 0.5 1 28.5 f 	47968.498051	0.002782	4
X2Pi 1.5 12 2.5 e 	31750.818537	0.052692	7
X2Pi 1.5 12 3.5 e 	31812.979411	0.027940	7
X2Pi 1.5 12 4.5 e 	31892.885386	0.072100	5
X2Pi 1.5 12 5.5 e 	31990.306525	0.037360	5
X2Pi 1.5 12 6.5 e 	32105.114841	0.012100	3
X2Pi 1.5 12 7.5 e 	32237.212546	0.202090	1
X2Pi 1.5 12 2.5 f 	31750.820913	0.012000	5
X2Pi 1.5 12 3.5 f 	31813.081490	0.012100	3
X2Pi 1.5 12 4.5 f 	31892.960892	0.012343	3
X2Pi 1.5 12 5.5 f 	31990.494789	0.012100	3
X2Pi 1.5 12 7.5 f 	32237.642589	0.202000	1
X2Pi 0.5 12 1.5 e 	31864.962981	0.012000	6
X2Pi 0.5 12 2.5 e 	31914.857350	0.029474	5
X2Pi 0.5 12 3.5 e 	31984.250550	0.018340	5
X2Pi 0.5 12 4.5 e 	32072.828659	0.012200	3
X2Pi 0.5 12 5.5 e 	32180.239113	0.012156	3
X2Pi 0.5 12 6.5 e 	32306.198737	0.202213	1
X2Pi 0.5 12 1.5 f 	31864.987806	0.082000	5
X2Pi 0.5 12 2.5 f 	31914.793941	0.036110	4
X2Pi 0.5 12 3.5 f 	31984.163352	0.012100	2
X2Pi 0.5 12 4.5 f 	32072.679891	0.012000	3
X2Pi 0.5 12 5.5 f 	32180.125978	0.202461	1
X2Pi 0.5 12 6.5 f 	32305.644344	0.202343	1
X2Pi 0.5 12 0.5 e 	31834.980925	0.012000	5
X2Pi 1.5 12 1.5 f 	31706.400089	0.012324	4
X2Pi 1.5 12 1.5 e 	31706.400759	0.012000	6
X2Pi 0.5 12 0.5 f 	31834.941087	0.050480	4
A2Sigma 0.5 9 1.5 f 	51050.238342	0.507000	7
C2Sigma 0.5 0 0.5 f 	88268.368342	1.007000	2
A2Sigma 0.5 9 2.5 f 	51084.640687	0.507000	7
C2Sigma 0.5 0 1.5 f 	88284.793524	1.007000	3
A2Sigma 0.5 9 3.5 f 	51129.452986	0.507000	7
C2Sigma 0.5 0 2.5 f 	88309.419463	1.007000	3
A2Sigma 0.5 9 4.5 f 	51183.811688	0.507109	7
C2Sigma 0.5 0 3.5 f 	88342.548965	1.007000	3
A2Sigma 0.5 9 5.5 f 	51246.372557	0.507278	7
C2Sigma 0.5 0 4.5 f 	88384.027612	1.007000	3
A2Sigma 0.5 9 6.5 f 	51315.321784	0.507299	5
C2Sigma 0.5 0 5.5 f 	88433.894235	1.007109	3
A2Sigma 0.5 9 7.5 f 	51387.670170	0.507278	4
C2Sigma 0.5 0 6.5 f 	88492.048286	1.007278	3
A2Sigma 1.5 9 1.5 e 	51027.406452	0.507000	6
C2Sigma 1.5 0 0.5 e 	88261.186452	1.007000	1
A2Sigma 1.5 9 2.5 e 	51050.816912	0.507324	6
C2Sigma 1.5 0 1.5 e 	88270.199730	1.007324	2
A2Sigma 1.5 9 3.5 e 	51085.244050	0.507109	6
C2Sigma 1.5 0 2.5 e 	88287.360251	1.007000	2
A2Sigma 1.5 9 4.5 e 	51130.308197	0.507369	6
C2Sigma 1.5 0 3.5 e 	88313.282554	1.007324	2
A2Sigma 1.5 9 5.5 e 	51184.849629	0.507109	6
C2Sigma 1.5 0 4.5 e 	88347.561840	1.007109	2
A2Sigma 1.5 9 6.5 e 	51247.656075	0.507000	6
C2Sigma 1.5 0 5.5 e 	88390.162136	1.007000	2
A2Sigma 1.5 9 7.5 e 	51316.830303	0.507343	4
C2Sigma 1.5 0 6.5 e 	88441.099966	1.007109	2
A2Sigma 1.5 9 8.5 e 	51389.292510	0.507000	3
C2Sigma 1.5 0 7.5 e 	88500.349292	1.007000	2
A2Sigma 0.5 9 0.5 f 	51027.115008	0.507000	3
A2Sigma 1.5 9 0.5 e 	51015.602549	0.507324	3
A2Sigma 0.5 8 1.5 f 	50227.623912	0.507000	4
C2Sigma 0.5 1 0.5 f 	89463.056127	1.007000	2
A2Sigma 0.5 8 2.5 f 	50277.075099	0.507000	4
C2Sigma 0.5 1 1.5 f 	89479.185446	1.007000	4
A2Sigma 0.5 8 3.5 f 	50342.466039	0.507100	4
C2Sigma 0.5 1 2.5 f 	89503.585320	1.007000	4
A2Sigma 0.5 8 4.5 f 	50423.436887	0.507000	4
C2Sigma 0.5 1 3.5 f 	89536.308590	1.007000	4
A2Sigma 0.5 8 5.5 f 	50519.176722	0.507200	3
C2Sigma 0.5 1 4.5 f 	89577.157076	1.007000	4
A2Sigma 1.5 8 1.5 e 	50194.748969	0.507000	4
C2Sigma 1.5 1 0.5 e 	89455.782711	1.007000	2
A2Sigma 1.5 8 2.5 e 	50228.055238	0.507100	4
C2Sigma 1.5 1 1.5 e 	89464.511359	1.007100	4
A2Sigma 1.5 8 3.5 e 	50277.642544	0.507000	4
C2Sigma 1.5 1 2.5 e 	89481.423004	1.007000	4
A2Sigma 1.5 8 4.5 e 	50343.281598	0.507100	4
C2Sigma 1.5 1 3.5 e 	89506.847986	1.007100	4
A2Sigma 1.5 8 6.5 e 	50520.202576	0.507000	3
C2Sigma 1.5 1 5.5 e 	89582.192111	1.007000	4
A2Sigma 0.5 8 0.5 f 	50194.430992	0.507000	2
C2Sigma 0.5 1 5.5 f 	89626.370119	1.007000	3
A2Sigma 1.5 8 0.5 e 	50177.970738	0.507324	2
C2Sigma 1.5 1 4.5 e 	89540.355408	1.007000	3
A2Sigma 1.5 8 5.5 e 	50424.309667	0.507000	3
C2Sigma 1.5 1 6.5 e 	89632.366533	1.007000	3
C2Sigma 0.5 1 6.5 f 	89683.612557	1.007278	1
C2Sigma 1.5 1 7.5 e 	89690.276075	1.007000	1
B2Sigma 0.5 0 1.5 f 	68416.460867	0.007000	12
B2Sigma 0.5 0 2.5 f 	68436.766537	0.007000	26
B2Sigma 0.5 0 4.5 f 	68507.619822	0.007000	34
B2Sigma 0.5 0 3.5 f 	68467.163334	0.007100	33
B2Sigma 0.5 0 6.5 f 	68618.239016	0.007156	28
B2Sigma 0.5 0 5.5 f 	68558.008425	0.007200	30
B2Sigma 0.5 0 7.5 f 	68688.134665	0.007256	19
B2Sigma 0.5 0 8.5 f 	68767.560547	0.007000	13
B2Sigma 0.5 0 9.5 f 	68856.283203	0.007288	10
B2Sigma 0.5 0 10.5 f 	68954.089952	0.007000	5
X2Pi 1.5 13 1.5 f 	33086.402518	0.012000	3
X2Pi 1.5 13 2.5 f 	33125.702683	0.012000	4
X2Pi 1.5 13 3.5 f 	33180.602079	0.012100	4
X2Pi 1.5 13 4.5 f 	33251.039189	0.012000	4
X2Pi 1.5 13 5.5 f 	33336.792650	0.012100	4
X2Pi 1.5 13 6.5 f 	33437.630315	0.016175	2
X2Pi 1.5 13 7.5 f 	33553.197738	0.022000	2
B2Sigma 0.5 1 4.5 f 	69147.202898	0.007109	13
B2Sigma 0.5 1 5.5 f 	69186.993591	0.008237	12
B2Sigma 0.5 1 6.5 f 	69233.950873	0.007299	6
B2Sigma 0.5 1 7.5 f 	69287.545900	0.007278	6
X2Pi 0.5 13 1.5 f 	33238.602100	0.018280	2
X2Pi 0.5 13 2.5 f 	33282.160838	0.032000	4
X2Pi 0.5 13 3.5 f 	33342.771083	0.012100	3
X2Pi 0.5 13 4.5 f 	33420.085246	0.012502	3
X2Pi 0.5 13 6.5 f 	33622.949016	0.012156	1
B2Sigma 0.5 1 3.5 f 	69115.022454	0.007000	12
X2Pi 1.5 13 1.5 e 	33086.410292	0.012000	3
X2Pi 1.5 13 2.5 e 	33125.722247	0.012100	3
X2Pi 1.5 13 3.5 e 	33180.560141	0.012000	3
X2Pi 1.5 13 4.5 e 	33250.969273	0.012100	3
B2Sigma 0.5 1 8.5 f 	69346.956906	0.007535	2
X2Pi 0.5 13 0.5 e 	33212.420867	0.012000	1
X2Pi 0.5 13 1.5 e 	33238.722894	0.014408	2
X2Pi 0.5 13 2.5 e 	33282.370055	0.042100	3
X2Pi 0.5 13 3.5 e 	33343.112290	0.012000	3
X2Pi 0.5 13 4.5 e 	33420.536615	0.032100	2
X2Pi 0.5 13 5.5 e 	33514.230322	0.012156	3
X2Pi 0.5 13 6.5 e 	33623.687738	0.022000	2
X2Pi 0.5 13 0.5 f 	33212.367894	0.032000	2
B2Sigma 0.5 1 2.5 f 	69090.656052	0.007000	8
A2Sigma 0.5 5 2.5 f 	45513.711327	0.507000	4
A2Sigma 0.5 5 3.5 f 	45613.488450	0.507100	3
A2Sigma 0.5 5 4.5 f 	45737.853912	0.507000	3
A2Sigma 0.5 5 5.5 f 	45885.951008	0.507200	2
A2Sigma 0.5 5 6.5 f 	46058.539016	0.507156	1
A2Sigma 0.5 5 0.5 f 	45389.161295	0.507000	2
A2Sigma 0.5 6 1.5 f 	47348.046250	0.507000	4
A2Sigma 0.5 6 2.5 f 	47416.436327	0.507000	4
A2Sigma 0.5 6 3.5 f 	47507.121951	0.507000	4
A2Sigma 0.5 6 4.5 f 	47619.820579	0.507000	3
A2Sigma 0.5 6 5.5 f 	47754.512227	0.507200	3
A2Sigma 0.5 6 6.5 f 	47910.899782	0.507000	2
A2Sigma 0.5 6 7.5 f 	48087.934665	0.507256	1
A2Sigma 0.5 6 0.5 f 	47302.461295	0.507000	2
A2Sigma 0.5 7 1.5 f 	48964.812100	0.507000	2
A2Sigma 0.5 7 2.5 f 	49024.843180	0.507000	2
A2Sigma 0.5 7 3.5 f 	49104.735879	0.507100	2
A2Sigma 0.5 7 4.5 f 	49203.729419	0.507000	2
A2Sigma 0.5 7 5.5 f 	49321.871545	0.507200	2
A2Sigma 0.5 7 6.5 f 	49458.249782	0.507000	2
A2Sigma 0.5 7 7.5 f 	49613.058934	0.507256	2
A2Sigma 0.5 7 0.5 f 	48924.466537	0.507000	1
A2Sigma 0.5 8 6.5 f 	50629.084782	0.507000	2
A2Sigma 0.5 8 7.5 f 	50752.123934	0.507256	2
A2Sigma 0.5 8 8.5 f 	50886.869952	0.507000	1
B2Sigma 0.5 1 1.5 f 	69074.138347	0.501500	4
A2Sigma 0.5 5 1.5 f 	45438.480401	0.507000	2
B2Sigma 0.5 1 9.5 f 	69409.110170	1.007278	1
B2Sigma 1.5 0 0.5 e 	68406.299250	0.007000	18
B2Sigma 1.5 0 1.5 e 	68416.490116	0.007324	22
B2Sigma 1.5 0 2.5 e 	68436.820913	0.007000	30
B2Sigma 1.5 0 3.5 e 	68467.261491	0.007100	29
B2Sigma 1.5 0 4.5 e 	68507.740853	0.007343	29
B2Sigma 1.5 0 5.5 e 	68558.154804	0.007100	30
B2Sigma 1.5 0 6.5 e 	68618.391614	0.007000	24
B2Sigma 1.5 0 8.5 e 	68767.764235	0.007000	9
B2Sigma 1.5 0 7.5 e 	68688.320811	0.007000	13
X2Pi 1.5 13 5.5 e 	33336.710853	0.012343	1
X2Pi 1.5 13 6.5 e 	33437.504804	0.012100	1
X2Pi 1.5 13 7.5 e 	33553.021614	0.012000	1
B2Sigma 1.5 1 0.5 e 	69066.118710	0.007000	7
B2Sigma 1.5 1 1.5 e 	69074.336557	0.007324	9
B2Sigma 1.5 1 2.5 e 	69090.697584	0.007109	9
B2Sigma 1.5 1 3.5 e 	69115.103285	0.007369	12
B2Sigma 1.5 1 4.5 e 	69147.296213	0.007109	14
B2Sigma 1.5 1 5.5 e 	69187.091108	0.009825	11
B2Sigma 1.5 1 6.5 e 	69234.057815	0.007343	6
B2Sigma 1.5 0 9.5 e 	68856.503113	0.007000	4
B2Sigma 1.5 0 10.5 e 	68954.338739	0.007000	4
X2Pi 1.5 12 6.5 f 	32105.511614	0.012000	1
B2Sigma 1.5 1 7.5 e 	69287.645727	0.007000	5
B2Sigma 1.5 1 8.5 e 	69347.056899	0.007535	2
A2Sigma 1.5 5 1.5 e 	45389.546291	0.507000	3
A2Sigma 1.5 5 3.5 e 	45513.788891	0.507000	4
A2Sigma 1.5 5 4.5 e 	45613.602468	0.507100	3
A2Sigma 1.5 5 5.5 e 	45737.976227	0.507000	3
A2Sigma 1.5 5 6.5 e 	45886.072956	0.507100	2
A2Sigma 1.5 5 7.5 e 	46058.691614	0.507000	1
A2Sigma 1.5 6 1.5 e 	47302.609114	0.507000	4
A2Sigma 1.5 6 2.5 e 	47348.147862	0.507100	4
A2Sigma 1.5 6 3.5 e 	47416.513891	0.507000	4
A2Sigma 1.5 6 4.5 e 	47507.227672	0.507100	4
A2Sigma 1.5 6 6.5 e 	47755.355574	0.507000	3
A2Sigma 1.5 6 7.5 e 	47911.777924	0.507000	2
A2Sigma 1.5 6 8.5 e 	48089.520811	0.507000	1
A2Sigma 1.5 6 0.5 e 	47279.413336	0.507324	2
A2Sigma 1.5 6 5.5 e 	47620.393913	0.507000	2
A2Sigma 1.5 7 1.5 e 	48924.460081	0.507000	2
A2Sigma 1.5 7 2.5 e 	48964.875804	0.507100	2
A2Sigma 1.5 7 3.5 e 	49024.930883	0.507000	2
A2Sigma 1.5 7 4.5 e 	49104.858148	0.507100	2
A2Sigma 1.5 7 5.5 e 	49204.566233	0.507000	2
A2Sigma 1.5 7 6.5 e 	49322.654804	0.507100	1
A2Sigma 1.5 7 7.5 e 	49459.377924	0.507000	2
A2Sigma 1.5 7 0.5 e 	48904.190116	0.507324	1
A2Sigma 1.5 8 7.5 e 	50630.312924	0.507000	2
A2Sigma 1.5 8 8.5 e 	50753.576962	0.507000	2
A2Sigma 1.5 8 9.5 e 	50888.508739	0.507000	1
A2Sigma 1.5 5 2.5 e 	45438.619921	0.507324	2
A2Sigma 1.5 5 0.5 e 	45363.736557	0.507324	1
B2Sigma 1.5 1 9.5 e 	69409.092510	1.007000	1
X2Pi 1.5 5 23.5 f 	24007.780095	0.105000	2
X2Pi 0.5 2 43.5 f 	34486.329986	0.104000	3
X2Pi 1.5 3 44.5 f 	36389.792986	0.154000	1
X2Pi 0.5 10 11.5 e 	30015.747870	0.052000	1
X2Pi 1.5 2 43.5 f 	33524.472986	0.204000	2
X2Pi 1.5 3 43.5 e 	35455.520986	0.254000	2
X2Pi 0.5 10 13.5 e 	30586.257290	0.052000	2
X2Pi 0.5 11 14.5 e 	32524.566290	0.102000	1
X2Pi 1.5 11 6.5 f 	30520.991691	0.053206	1
X2Pi 0.5 11 9.5 f 	31270.663277	0.052500	1
X2Pi 0.5 11 10.5 e 	31488.297304	0.052500	1
X2Pi 0.5 2 41.5 e 	32566.081296	0.069200	1
X2Pi 0.5 11 6.5 e 	30734.025408	0.057387	1
X2Pi 1.5 1 47.5 f 	35514.392926	0.101000	1
X2Pi 0.5 1 48.5 f 	37556.605926	0.051000	2
X2Pi 0.5 1 47.5 e 	36557.291926	0.051000	1
X2Pi 1.5 1 45.5 f 	33447.499749	0.101000	1
X2Pi 0.5 1 46.5 f 	35500.209749	0.051000	2
X2Pi 1.5 1 46.5 e 	34448.735195	0.051000	2
X2Pi 0.5 1 42.5 e 	31393.702343	0.051000	3
X2Pi 0.5 3 40.5 e 	33675.392344	0.069103	1
X2Pi 1.5 3 40.5 e 	32725.306965	0.069103	1
X2Pi 1.5 4 20.5 e 	19599.166953	0.052000	2
X2Pi 1.5 1 43.5 e 	31347.463986	0.154000	2
X2Pi 0.5 10 14.5 f 	30895.887894	0.052000	1
X2Pi 1.5 4 34.5 e 	29652.960566	0.112200	1
X2Pi 1.5 3 37.5 e 	30021.826978	0.118200	1
X2Pi 0.5 5 24.5 e 	25305.118033	0.103919	2
X2Pi 0.5 6 24.5 f 	27591.180033	0.153919	2
X2Pi 0.5 5 20.5 f 	22821.760463	0.052500	2
X2Pi 1.5 6 21.5 f 	25236.164463	0.102500	1
X2Pi 1.5 3 35.5 f 	28278.357254	0.064200	1
X2Pi 1.5 8 19.5 f 	28620.116297	0.052000	1
X2Pi 1.5 2 47.5 f 	37405.244830	0.051000	1
X2Pi 0.5 2 46.5 f 	37395.590195	0.101000	1
X2Pi 1.5 6 24.5 f 	26968.495095	0.155000	1
X2Pi 1.5 5 24.5 f 	24637.494550	0.105919	2
X2Pi 0.5 6 24.5 e 	27602.180550	0.155919	1
X2Pi 1.5 5 24.5 e 	24622.753033	0.203919	1
X2Pi 0.5 4 35.5 f 	31325.374334	0.063103	1
X2Pi 0.5 1 43.5 f 	32398.740986	0.304000	1
X2Pi 0.5 3 40.5 f 	33653.495296	0.069200	1
X2Pi 0.5 1 46.5 e 	35527.344195	0.051000	1
X2Pi 1.5 3 42.5 f 	34571.323343	0.101000	1
X2Pi 0.5 5 19.5 f 	22253.837282	0.052000	1
X2Pi 1.5 12 10.5 e 	32732.890304	0.052500	1
X2Pi 0.5 13 7.5 e 	33748.373898	0.062535	1
X2Pi 0.5 1 45.5 f 	34467.083192	0.051000	1
X2Pi 1.5 3 36.5 f 	29159.015101	0.064103	1
X2Pi 0.5 1 44.5 e 	33460.366417	0.051000	1
X2Pi 0.5 12 7.5 e 	32449.627696	0.058649	1
X2Pi 0.5 4 20.5 e 	20231.743351	0.052000	1
X2Pi 1.5 4 20.5 f 	19611.152108	0.052000	1
X2Pi 0.5 12 10.5 e 	32981.639304	0.052500	1
X2Pi 1.5 10 14.5 e 	30543.970106	0.052000	1

